英雄ID	阶级	展示名称	主动技能ID	被动技能1ID	被动技能2ID	被动技能3ID	被动技能4ID	被动技能5ID	被动技能6ID	被动技能7ID	被动技能8ID	被动技能9ID	空行
1	1	虎賁校尉	100048	
1	2	真•虎賁校尉	100048	1000071	
1	3	鬼•虎賁校尉	101048	1000071	
1	4	神•虎賁校尉	101048	1000071	1000078	
1	5	聖•虎賁校尉	102048	1000071	1000078	
1	6	王•虎賁校尉	102048	1000071	1000078	1000053	
1	7	皇•虎賁校尉	103048	1000071	1000078	1000053	
2	1	都尉	100046	
2	2	真•都尉	100046	1000071	
2	3	鬼•都尉	101046	1000071	
2	4	神•都尉	101046	1000071	1000078	
2	5	聖•都尉	102046	1000071	1000078	
2	6	王•都尉	102046	1000071	1000078	1000053	
2	7	皇•都尉	103046	1000071	1000078	1000053	
3	1	禁衛	100056	
3	2	真•禁衛	100056	1000071	
3	3	鬼•禁衛	101056	1000071	
3	4	神•禁衛	101056	1000071	1000078	
3	5	聖•禁衛	102056	1000071	1000078	
3	6	王•禁衛	102056	1000071	1000078	1000053	
3	7	皇•禁衛	103056	1000071	1000078	1000053	
4	1	護衛	100062	
4	2	真•護衛	100062	1000071	
4	3	鬼•護衛	101062	1000071	
4	4	神•護衛	101062	1000071	1000078	
4	5	聖•護衛	102062	1000071	1000078	
4	6	王•護衛	102062	1000071	1000078	1000053	
4	7	皇•護衛	103062	1000071	1000078	1000053	
5	1	兵曹	100062	
5	2	真•兵曹	100062	1000071	
5	3	鬼•兵曹	101062	1000071	
5	4	神•兵曹	101062	1000071	1000078	
5	5	聖•兵曹	102062	1000071	1000078	
5	6	王•兵曹	102062	1000071	1000078	1000053	
5	7	皇•兵曹	103062	1000071	1000078	1000053	
6	1	監軍	100062	
6	2	真•監軍	100062	1000071	
6	3	鬼•監軍	101062	1000071	
6	4	神•監軍	101062	1000071	1000078	
6	5	聖•監軍	102062	1000071	1000078	
6	6	王•監軍	102062	1000071	1000078	1000053	
6	7	皇•監軍	103062	1000071	1000078	1000053	
7	1	護軍	100062	
7	2	真•護軍	100062	1000071	
7	3	鬼•護軍	101062	1000071	
7	4	神•護軍	101062	1000071	1000078	
7	5	聖•縣尉	102062	1000071	1000078	
7	6	王•護軍	102062	1000071	1000078	1000053	
7	7	皇•護軍	103062	1000071	1000078	1000053	
8	1	督軍	100046	
8	2	真•督軍	100046	1000071	
8	3	鬼•督軍	101046	1000071	
8	4	神•督軍	101046	1000071	1000078	
8	5	聖•督軍	102046	1000071	1000078	
8	6	王•督軍	102046	1000071	1000078	1000053	
8	7	皇•督軍	103046	1000071	1000078	1000053	
9	1	朱雀使	200072	
9	2	真•朱雀使	200072	1000071	
9	3	鬼•朱雀使	201072	1000071	
9	4	神•朱雀使	201072	1000071	1000079	
9	5	聖•朱雀使	202072	1000071	1000079	
9	6	王•朱雀使	202072	1000071	1000079	1000055	
9	7	皇•朱雀使	203072	1000071	1000079	1000055	
10	1	護軍教頭	100056	
10	2	真•護軍教頭	100056	1000071	
10	3	鬼•護軍教頭	101056	1000071	
10	4	神•護軍教頭	101056	1000071	1000078	
10	5	聖•護軍教頭	102056	1000071	1000078	
10	6	王•護軍教頭	102056	1000071	1000078	1000053	
10	7	皇•護軍教頭	103056	1000071	1000078	1000053	
11	1	妖姬	200092,210092	
11	2	真•妖姬	200092,210092	1000071	
11	3	鬼•妖姬	201092,211092	1000071	
11	4	神•妖姬	201092,211092	1000071	1000079	
11	5	聖•妖姬	202092,212092	1000071	1000079	
11	6	王•妖姬	202092,212092	1000071	1000079	1000055	
11	7	皇•妖姬	203092,213092	1000071	1000079	1000055	
12	1	縣丞	200072	
12	2	真•縣丞	200072	1000071	
12	3	鬼•縣丞	201072	1000071	
12	4	神•縣丞	201072	1000071	1000079	
12	5	聖•縣丞	202072	1000071	1000079	
12	6	王•縣丞	202072	1000071	1000079	1000055	
12	7	皇•縣丞	203072	1000071	1000079	1000055	
13	1	軍師	200045	
13	2	真•軍師	200045	1000071	
13	3	鬼•軍師	201045	1000071	
13	4	神•軍師	201045	1000071	1000079	
13	5	聖•軍師	202045	1000071	1000079	
13	6	王•軍師	202045	1000071	1000079	1000055	
13	7	皇•軍師	203045	1000071	1000079	1000055	
14	1	典軍校尉	100056	
14	2	真•典軍校尉	100056	1000071	
14	3	鬼•典軍校尉	101056	1000071	
14	4	神•典軍校尉	101056	1000071	1000078	
14	5	聖•典軍校尉	102056	1000071	1000078	
14	6	王•典軍校尉	102056	1000071	1000078	1000053	
14	7	皇•典軍校尉	103056	1000071	1000078	1000053	
15	1	射聲校尉	100056	
15	2	真•射聲校尉	100056	1000071	
15	3	鬼•射聲校尉	101056	1000071	
15	4	神•射聲校尉	101056	1000071	1000078	
15	5	聖•射聲校尉	102056	1000071	1000078	
15	6	王•射聲校尉	102056	1000071	1000078	1000053	
15	7	皇•射聲校尉	103056	1000071	1000078	1000053	
16	1	龍威騎	100046	
16	2	真•龍威騎	100046	1000071	
16	3	鬼•龍威騎	101046	1000071	
16	4	神•龍威騎	101046	1000071	1000078	
16	5	聖•龍威騎	102046	1000071	1000078	
16	6	王•龍威騎	102046	1000071	1000078	1000053	
16	7	皇•龍威騎	103046	1000071	1000078	1000053	
17	1	鐵娘子	100062	
17	2	真•鐵娘子	100062	1000071	
17	3	鬼•鐵娘子	101062	1000071	
17	4	神•鐵娘子	101062	1000071	1000078	
17	5	聖•鐵娘子	102062	1000071	1000078	
17	6	王•鐵娘子	102062	1000071	1000078	1000053	
17	7	皇•鐵娘子	103062	1000071	1000078	1000053	
18	1	劍豪	100051	
18	2	真•劍豪	100051	1000071	
18	3	鬼•劍豪	101051	1000071	
18	4	神•劍豪	101051	1000071	1000078	
18	5	聖•劍豪	102051	1000071	1000078	
18	6	王•劍豪	102051	1000071	1000078	1000053	
18	7	皇•劍豪	103051	1000071	1000078	1000053	
19	1	平兒	100048	
19	2	真•平兒	100048	1000071	
19	3	鬼•平兒	101048	1000071	
19	4	神•平兒	101048	1000071	1000078	
19	5	聖•平兒	102048	1000071	1000078	
19	6	王•平兒	102048	1000071	1000078	1000053	
19	7	皇•平兒	103048	1000071	1000078	1000053	
20	1	羅刹女	200092,210092	
20	2	真•羅刹女	200092,210092	1000071	
20	3	鬼•羅刹女	201092,211092	1000071	
20	4	神•羅刹女	201092,211092	1000071	1000079	
20	5	聖•羅刹女	202092,212092	1000071	1000079	
20	6	王•羅刹女	202092,212092	1000071	1000079	1000055	
20	7	皇•羅刹女	203092,213092	1000071	1000079	1000055	
21	1	領軍教頭	100046	
21	2	真•領軍教頭	100046	1000071	
21	3	鬼•領軍教頭	101046	1000071	
21	4	神•領軍教頭	101046	1000071	1000078	
21	5	聖•領軍教頭	102046	1000071	1000078	
21	6	王•領軍教頭	102046	1000071	1000078	1000053	
21	7	皇•領軍教頭	103046	1000071	1000078	1000053	
22	1	禁軍教頭	100051	
22	2	真•禁軍教頭	100051	1000071	
22	3	鬼•禁軍教頭	101051	1000071	
22	4	神•禁軍教頭	101051	1000071	1000078	
22	5	聖•禁軍教頭	102051	1000071	1000078	
22	6	王•禁軍教頭	102051	1000071	1000078	1000053	
22	7	皇•禁軍教頭	103051	1000071	1000078	1000053	
23	1	金都尉	100062	
23	2	真•金都尉	100062	1000071	
23	3	鬼•金都尉	101062	1000071	
23	4	神•金都尉	101062	1000071	1000078	
23	5	聖•金都尉	102062	1000071	1000078	
23	6	王•金都尉	102062	1000071	1000078	1000053	
23	7	皇•金都尉	103062	1000071	1000078	1000053	
24	1	中書丞	200059	
24	2	真•中書丞	200059	1000071	
24	3	鬼•中書丞	201059	1000071	
24	4	神•中書丞	201059	1000071	1000079	
24	5	聖•中書丞	202059	1000071	1000079	
24	6	王•中書丞	202059	1000071	1000079	1000055	
24	7	皇•中書丞	203059	1000071	1000079	1000055	
25	1	縣尉	200092,210092	
25	2	真•縣尉	200092,210092	1000071	
25	3	鬼•縣尉	201092,211092	1000071	
25	4	神•縣尉	201092,211092	1000071	1000079	
25	5	聖•縣尉	202092,212092	1000071	1000079	
25	6	王•縣尉	202092,212092	1000071	1000079	1000055	
25	7	皇•縣尉	203092,213092	1000071	1000079	1000055	
26	1	神術士	200068	
26	2	真•神術士	200068	1000071	
26	3	鬼•神術士	201068	1000071	
26	4	神•神術士	201068	1000071	1000079	
26	5	聖•神術士	202068	1000071	1000079	
26	6	王•神術士	202068	1000071	1000079	1000055	
26	7	皇•神術士	203068	1000071	1000079	1000055	
27	1	鬼道士	200045	
27	2	真•鬼道士	200045	1000071	
27	3	鬼•鬼道士	201045	1000071	
27	4	神•鬼道士	201045	1000071	1000079	
27	5	聖•鬼道士	202045	1000071	1000079	
27	6	王•鬼道士	202045	1000071	1000079	1000055	
27	7	皇•鬼道士	203045	1000071	1000079	1000055	
28	1	聖道士	200068	
28	2	真•聖道士	200068	1000071	
28	3	鬼•聖道士	201068	1000071	
28	4	神•聖道士	201068	1000071	1000079	
28	5	聖•聖道士	202068	1000071	1000079	
28	6	王•聖道士	202068	1000071	1000079	1000055	
28	7	皇•聖道士	203068	1000071	1000079	1000055	
29	1	嬪妃	300071	
29	2	真•嬪妃	300071	1000071	
29	3	鬼•嬪妃	301071	1000071	
29	4	神•嬪妃	301071	1000071	1000079	
29	5	聖•嬪妃	302071	1000071	1000079	
29	6	王•嬪妃	302071	1000071	1000079	1000055	
29	7	皇•嬪妃	303071	1000071	1000079	1000055	
30	1	寵妾	300071	
30	2	真•寵妾	300071	1000071	
30	3	鬼•寵妾	301071	1000071	
30	4	神•寵妾	301071	1000071	1000079	
30	5	聖•寵妾	302071	1000071	1000079	
30	6	王•寵妾	302071	1000071	1000079	1000055	
30	7	皇•寵妾	303071	1000071	1000079	1000055	
31	1	醫師	400091	
31	2	真•醫師	400091	1000073	
31	3	鬼•醫師	401091	1000073	
31	4	神•醫師	401091	1000073	1000077	
31	5	聖•醫師	402091	1000073	1000077	
31	6	王•醫師	402091	1000073	1000077	1000055	
31	7	皇•醫師	403091	1000073	1000077	1000055	
32	1	皇甫嵩	100048	
32	2	真•皇甫嵩	100048	1000071	
32	3	鬼•皇甫嵩	101048	1000071	
32	4	神•皇甫嵩	101048	1000071	1000078	
32	5	聖•皇甫嵩	102048	1000071	1000078	
32	6	王•皇甫嵩	102048	1000071	1000078	1000053	
32	7	皇•皇甫嵩	103048	1000071	1000078	1000053	
33	1	劉璋	200059	
33	2	真•劉璋	200059	1000071	
33	3	鬼•劉璋	201059	1000071	
33	4	神•劉璋	201059	1000071	1000079	
33	5	聖•劉璋	202059	1000071	1000079	
33	6	王•劉璋	202059	1000071	1000079	1000055	
33	7	皇•劉璋	203059	1000071	1000079	1000055	
34	1	張繡	100048	
34	2	真•張繡	100048	1000071	
34	3	鬼•張繡	101048	1000071	
34	4	神•張繡	101048	1000071	1000078	
34	5	聖•張繡	102048	1000071	1000078	
34	6	王•張繡	102048	1000071	1000078	1000053	
34	7	皇•張繡	103048	1000071	1000078	1000053	
35	1	曹節	200045	
35	2	真•曹節	200045	1000071	
35	3	鬼•曹節	201045	1000071	
35	4	神•曹節	201045	1000071	1000079	
35	5	聖•曹節	202045	1000071	1000079	
35	6	王•曹節	202045	1000071	1000079	1000055	
35	7	皇•曹節	203045	1000071	1000079	1000055	
36	1	程普	100048	
36	2	真•程普	100048	1000071	
36	3	鬼•程普	101048	1000071	
36	4	神•程普	101048	1000071	1000078	
36	5	聖•程普	102048	1000071	1000078	
36	6	王•程普	102048	1000071	1000078	1000053	
36	7	皇•程普	103048	1000071	1000078	1000053	
37	1	孫魯班	400111	
37	2	真•孫魯班	400111	1000073	
37	3	鬼•孫魯班	401111	1000073	
37	4	神•孫魯班	401111	1000073	1000077	
37	5	聖•孫魯班	402111	1000073	1000077	
37	6	王•孫魯班	402111	1000073	1000077	1000055	
37	7	皇•孫魯班	403111	1000073	1000077	1000055	
38	1	朱然	100051	
38	2	真•朱然	100051	1000071	
38	3	鬼•朱然	101051	1000071	
38	4	神•朱然	101051	1000071	1000078	
38	5	聖•朱然	102051	1000071	1000078	
38	6	王•朱然	102051	1000071	1000078	1000053	
38	7	皇•朱然	103051	1000071	1000078	1000053	
39	1	淩操	100062	
39	2	真•淩操	100062	1000071	
39	3	鬼•淩操	101062	1000071	
39	4	神•淩操	101062	1000071	1000078	
39	5	聖•淩操	102062	1000071	1000078	
39	6	王•淩操	102062	1000071	1000078	1000053	
39	7	皇•淩操	103062	1000071	1000078	1000053	
40	1	關平	100040,110040	
40	2	真•關平	100040,110040	1000071	
40	3	鬼•關平	101040,111040	1000071	
40	4	神•關平	101040,111040	1000071	1000078	
40	5	聖•關平	102040,112040	1000071	1000078	
40	6	王•關平	102040,112040	1000071	1000078	1000053	
40	7	皇•關平	103040,113040	1000071	1000078	1000053	
41	1	魏延	100041	
41	2	真•魏延	100041	1000071	
41	3	鬼•魏延	101041	1000071	
41	4	神•魏延	101041	1000071	1000078	
41	5	聖•魏延	102041	1000071	1000078	
41	6	王•魏延	102041	1000071	1000078	1000053	
41	7	皇•魏延	103041	1000071	1000078	1000053	
42	1	張苞	100042,110042	
42	2	真•張苞	100042,110042	1000071	
42	3	鬼•張苞	101042,111042	1000071	
42	4	神•張苞	101042,111042	1000071	1000078	
42	5	聖•張苞	102042,112042	1000071	1000078	
42	6	王•張苞	102042,112042	1000071	1000078	1000053	
42	7	皇•張苞	103042,113042	1000071	1000078	1000053	
43	1	法正	300043	
43	2	真•法正	300043	1000071	
43	3	鬼•法正	301043	1000071	
43	4	神•法正	301043	1000071	1000079	
43	5	聖•法正	302043	1000071	1000079	
43	6	王•法正	302043	1000071	1000079	1000055	
43	7	皇•法正	303043	1000071	1000079	1000055	
44	1	關興	100044	
44	2	真•關興	100044	1000071	
44	3	鬼•關興	101044	1000071	
44	4	神•關興	101044	1000071	1000078	
44	5	聖•關興	102044	1000071	1000078	
44	6	王•關興	102044	1000071	1000078	1000053	
44	7	皇•關興	103044	1000071	1000078	1000053	
45	1	鮑三娘	200045	
45	2	真•鮑三娘	200045	1000071	
45	3	鬼•鮑三娘	201045	1000071	
45	4	神•鮑三娘	201045	1000071	1000079	
45	5	聖•鮑三娘	202045	1000071	1000079	
45	6	王•鮑三娘	202045	1000071	1000079	1000055	
45	7	皇•鮑三娘	203045	1000071	1000079	1000055	
46	1	周倉	100046	
46	2	真•周倉	100046	1000071	
46	3	鬼•周倉	101046	1000071	
46	4	神•周倉	101046	1000071	1000078	
46	5	聖•周倉	102046	1000071	1000078	
46	6	王•周倉	102046	1000071	1000078	1000053	
46	7	皇•周倉	103046	1000071	1000078	1000053	
47	1	關索	100047	
47	2	真•關索	100047	1000071	
47	3	鬼•關索	101047	1000071	
47	4	神•關索	101047	1000071	1000078	
47	5	聖•關索	102047	1000071	1000078	
47	6	王•關索	102047	1000071	1000078	1000053	
47	7	皇•關索	103047	1000071	1000078	1000053	
48	1	夏侯霸	100048	
48	2	真•夏侯霸	100048	1000071	
48	3	鬼•夏侯霸	101048	1000071	
48	4	神•夏侯霸	101048	1000071	1000078	
48	5	聖•夏侯霸	102048	1000071	1000078	
48	6	王•夏侯霸	102048	1000071	1000078	1000053	
48	7	皇•夏侯霸	103048	1000071	1000078	1000053	
49	1	嚴顏	100049	
49	2	真•嚴顏	100049	1000071	
49	3	鬼•嚴顏	101049	1000071	
49	4	神•嚴顏	101049	1000071	1000078	
49	5	聖•嚴顏	102049	1000071	1000078	
49	6	王•嚴顏	102049	1000071	1000078	1000053	
49	7	皇•嚴顏	103049	1000071	1000078	1000053	
50	1	孟獲	100050	
50	2	真•孟獲	100050	1000071	
50	3	鬼•孟獲	101050	1000071	
50	4	神•孟獲	101050	1000071	1000078	
50	5	聖•孟獲	102050	1000071	1000078	
50	6	王•孟獲	102050	1000071	1000078	1000053	
50	7	皇•孟獲	103050	1000071	1000078	1000053	
51	1	袁紹	100051	
51	2	真•袁紹	100051	1000071	
51	3	鬼•袁紹	101051	1000071	
51	4	神•袁紹	101051	1000071	1000078	
51	5	聖•袁紹	102051	1000071	1000078	
51	6	王•袁紹	102051	1000071	1000078	1000053	
51	7	皇•袁紹	103051	1000071	1000078	1000053	
52	1	華雄	100052	
52	2	真•華雄	100052	1000071	
52	3	鬼•華雄	101052	1000071	
52	4	神•華雄	101052	1000071	1000078	
52	5	聖•華雄	102052	1000071	1000078	
52	6	王•華雄	102052	1000071	1000078	1000053	
52	7	皇•華雄	103052	1000071	1000078	1000053	
53	1	顏良	100053	
53	2	真•顏良	100053	1000071	
53	3	鬼•顏良	101053	1000071	
53	4	神•顏良	101053	1000071	1000078	
53	5	聖•顏良	102053	1000071	1000078	
53	6	王•顏良	102053	1000071	1000078	1000053	
53	7	皇•顏良	103053	1000071	1000078	1000053	
54	1	文醜	100054	
54	2	真•文醜	100054	1000071	
54	3	鬼•文醜	101054	1000071	
54	4	神•文醜	101054	1000071	1000078	
54	5	聖•文醜	102054	1000071	1000078	
54	6	王•文醜	102054	1000071	1000078	1000053	
54	7	皇•文醜	103054	1000071	1000078	1000053	
55	1	真•黃忠	300055	
55	2	真•陳宮	300055	1000071	
55	3	鬼•陳宮	301055	1000071	
55	4	神•陳宮	301055	1000071	1000079	
55	5	聖•陳宮	302055	1000071	1000079	
55	6	王•陳宮	302055	1000071	1000079	1000055	
55	7	皇•陳宮	303055	1000071	1000079	1000055	
56	1	公孫瓚	100056	
56	2	真•公孫瓚	100056	1000071	
56	3	鬼•公孫瓚	101056	1000071	
56	4	神•公孫瓚	101056	1000071	1000078	
56	5	聖•公孫瓚	102056	1000071	1000078	
56	6	王•公孫瓚	102056	1000071	1000078	1000053	
56	7	皇•公孫瓚	103056	1000071	1000078	1000053	
57	1	高順	100057	
57	2	真•高順	100057	1000071	
57	3	鬼•高順	101057	1000071	
57	4	神•高順	101057	1000071	1000078	
57	5	聖•高順	102057	1000071	1000078	
57	6	王•高順	102057	1000071	1000078	1000053	
57	7	皇•高順	103057	1000071	1000078	1000053	
58	1	李儒	300058	
58	2	真•李儒	300058	1000071	
58	3	鬼•李儒	301058	1000071	
58	4	神•李儒	301058	1000071	1000079	
58	5	聖•李儒	302058	1000071	1000079	
58	6	王•李儒	302058	1000071	1000079	1000055	
58	7	皇•李儒	303058	1000071	1000079	1000055	
59	1	張任	200059	
59	2	真•張任	200059	1000071	
59	3	鬼•張任	201059	1000071	
59	4	神•張任	201059	1000071	1000079	
59	5	聖•張任	202059	1000071	1000079	
59	6	王•張任	202059	1000071	1000079	1000055	
59	7	皇•張任	203059	1000071	1000079	1000055	
60	1	典韋	100060,110060	
60	2	真•典韋	100060,110060	1000071	
60	3	鬼•典韋	101060,111060	1000071	
60	4	神•典韋	101060,111060	1000071	1000078	
60	5	聖•典韋	102060,112060	1000071	1000078	
60	6	王•典韋	102060,112060	1000071	1000078	1000053	
60	7	皇•典韋	103060,113060	1000071	1000078	1000053	
61	1	許褚	100061	
61	2	真•許褚	100061	1000071	
61	3	鬼•許褚	101061	1000071	
61	4	神•許褚	101061	1000071	1000078	
61	5	聖•許褚	102061	1000071	1000078	
61	6	王•許褚	102061	1000071	1000078	1000053	
61	7	皇•許褚	103061	1000071	1000078	1000053	
62	1	曹彰	100062	
62	2	真•曹彰	100062	1000071	
62	3	鬼•曹彰	101062	1000071	
62	4	神•曹彰	101062	1000071	1000078	
62	5	聖•曹彰	102062	1000071	1000078	
62	6	王•曹彰	102062	1000071	1000078	1000053	
62	7	皇•曹彰	103062	1000071	1000078	1000053	
63	1	龐德	100063	
63	2	真•龐德	100063	1000071	
63	3	鬼•龐德	101063	1000071	
63	4	神•龐德	101063	1000071	1000078	
63	5	聖•龐德	102063	1000071	1000078	
63	6	王•龐德	102063	1000071	1000078	1000053	
63	7	皇•龐德	103063	1000071	1000078	1000053	
64	1	張郃	100064	
64	2	真•張郃	100064	1000071	
64	3	鬼•張郃	101064	1000071	
64	4	神•張郃	101064	1000071	1000078	
64	5	聖•張郃	102064	1000071	1000078	
64	6	王•張郃	102064	1000071	1000078	1000053	
64	7	皇•張郃	103064	1000071	1000078	1000053	
65	1	徐晃	100065	
65	2	真•徐晃	100065	1000071	
65	3	鬼•徐晃	101065	1000071	
65	4	神•徐晃	101065	1000071	1000078	
65	5	聖•徐晃	102065	1000071	1000078	
65	6	王•徐晃	102065	1000071	1000078	1000053	
65	7	皇•徐晃	103065	1000071	1000078	1000053	
66	1	於禁	100066	
66	2	真•於禁	100066	1000071	
66	3	鬼•於禁	101066	1000071	
66	4	神•於禁	101066	1000071	1000078	
66	5	聖•於禁	102066	1000071	1000078	
66	6	王•於禁	102066	1000071	1000078	1000053	
66	7	皇•於禁	103066	1000071	1000078	1000053	
67	1	周泰	100067,110067	
67	2	真•周泰	100067,110067	1000071	
67	3	鬼•周泰	101067,111067	1000071	
67	4	神•周泰	101067,111067	1000071	1000078	
67	5	聖•周泰	102067,112067	1000071	1000078	
67	6	王•周泰	102067,112067	1000071	1000078	1000053	
67	7	皇•周泰	103067,113067	1000071	1000078	1000053	
68	1	淩統	200068	
68	2	真•淩統	200068	1000071	
68	3	鬼•淩統	201068	1000071	
68	4	神•淩統	201068	1000071	1000079	
68	5	聖•淩統	202068	1000071	1000079	
68	6	王•淩統	202068	1000071	1000079	1000055	
68	7	皇•淩統	203068	1000071	1000079	1000055	
69	1	黃蓋	100069	
69	2	真•黃蓋	100069	1000071	
69	3	鬼•黃蓋	101069	1000071	
69	4	神•黃蓋	101069	1000071	1000078	
69	5	聖•黃蓋	102069	1000071	1000078	
69	6	王•黃蓋	102069	1000071	1000078	1000053	
69	7	皇•黃蓋	103069	1000071	1000078	1000053	
70	1	魯肅	300070	
70	2	真•魯肅	300070	1000071	
70	3	鬼•魯肅	301070	1000071	
70	4	神•魯肅	301070	1000071	1000079	
70	5	聖•魯肅	302070	1000071	1000079	
70	6	王•魯肅	302070	1000071	1000079	1000055	
70	7	皇•魯肅	303070	1000071	1000079	1000055	
71	1	虞翻	300071	
71	2	真•虞翻	300071	1000071	
71	3	鬼•虞翻	301071	1000071	
71	4	神•虞翻	301071	1000071	1000079	
71	5	聖•虞翻	302071	1000071	1000079	
71	6	王•虞翻	302071	1000071	1000079	1000055	
71	7	皇•虞翻	303071	1000071	1000079	1000055	
72	1	諸葛瑾	200072	
72	2	真•諸葛瑾	200072	1000071	
72	3	鬼•諸葛瑾	201072	1000071	
72	4	神•諸葛瑾	201072	1000071	1000079	
72	5	聖•諸葛瑾	202072	1000071	1000079	
72	6	王•諸葛瑾	202072	1000071	1000079	1000055	
72	7	皇•諸葛瑾	203072	1000071	1000079	1000055	
73	1	潘璋	100073	
73	2	真•潘璋	100073	1000071	
73	3	鬼•潘璋	101073	1000071	
73	4	神•潘璋	101073	1000071	1000078	
73	5	聖•潘璋	102073	1000071	1000078	
73	6	王•潘璋	102073	1000071	1000078	1000053	
73	7	皇•潘璋	103073	1000071	1000078	1000053	
74	1	劉備	100074,110074,120074	
74	2	真•劉備	100074,110074,120074	1000071	
74	3	鬼•劉備	101074,111074,121074	1000071	1000045	
74	4	神•劉備	101074,111074,121074	1000071	1000045	1000103	
74	5	聖•劉備	102074,112074,122074	1000071	1000045	1000103	1000104	
74	6	王•劉備	102074,112074,122074	1000071	1000045	1000103	1000104	1000015	
74	7	皇•劉備	103074,113074,123074	1000071	1000045	1000103	1000104	1000015	1000024	
75	1	關羽	100075,110075	
75	2	真•關羽	100075,110075	1000072	
75	3	鬼•關羽	101075,111075	1000072	1000046	
75	4	神•關羽	101075,111075	1000072	1000046	1000078	
75	5	聖•關羽	102075,112075	1000072	1000046	1000078	1000054	
75	6	王•關羽	102075,112075	1000072	1000046	1000078	1000054	1000025	
75	7	皇•關羽	103075,113075	1000072	1000046	1000078	1000054	1000025	1000034	
76	1	張飛	100076,110076	
76	2	真•張飛	100076,110076	1000067	
76	3	鬼•張飛	101076,111076	1000067	1000046	
76	4	神•張飛	101076,111076	1000067	1000046	1000070	
76	5	聖•張飛	102076,112076	1000067	1000046	1000070	1000054	
76	6	王•張飛	102076,112076	1000067	1000046	1000070	1000054	1000105	
76	7	皇•張飛	103076,113076	1000067	1000046	1000070	1000054	1000105	1000107	
77	1	馬超	100077	
77	2	真•馬超	100077	1000074	
77	3	鬼•馬超	101077	1000074	1000046	
77	4	神•馬超	101077	1000074	1000046	1000080	
77	5	聖•馬超	102077	1000074	1000046	1000080	1000017	
77	6	王•馬超	102077	1000074	1000046	1000080	1000017	1000001	
77	7	皇•馬超	103077	1000074	1000046	1000080	1000017	1000001	1000024	
78	1	趙雲	100078,110078	
78	2	真•趙雲	100078,110078	1000067	
78	3	鬼•趙雲	101078,111078	1000067	1000081	
78	4	神•趙雲	101078,111078	1000067	1000081	1000078	
78	5	聖•趙雲	102078,112078	1000067	1000081	1000078	1000014	
78	6	王•趙雲	102078,112078	1000067	1000081	1000078	1000014	1000001	
78	7	皇•趙雲	103078,113078	1000067	1000081	1000078	1000014	1000001	1000100	
79	1	諸葛亮	300079,310079	
79	2	真•諸葛亮	300079,310079	1000074	
79	3	鬼•諸葛亮	301079,311079	1000074	1000045	
79	4	神•諸葛亮	301079,311079	1000074	1000045	1000070	
79	5	聖•諸葛亮	302079,312079	1000074	1000045	1000070	1000065	
79	6	王•諸葛亮	302079,312079	1000074	1000045	1000070	1000065	1000022	
79	7	皇•諸葛亮	303079,313079	1000074	1000045	1000070	1000065	1000022	1000031	
80	1	孫尚香	300080	
80	2	真•孫尚香	300080	1000071	
80	3	鬼•孫尚香	301080	1000071	1000047	
80	4	神•孫尚香	301080	1000071	1000047	1000079	
80	5	聖•孫尚香	302080	1000071	1000047	1000079	1000055	
80	6	王•孫尚香	302080	1000071	1000047	1000079	1000055	1000106	
80	7	皇•孫尚香	303080	1000071	1000047	1000079	1000055	1000106	1000037	
81	1	姜維	200081	
81	2	真•薑維	200081	1000072	
81	3	鬼•薑維	201081	1000072	1000068	
81	4	神•薑維	201081	1000072	1000068	1000008	
81	5	聖•薑維	202081	1000072	1000068	1000008	1000054	
81	6	王•薑維	202081	1000072	1000068	1000008	1000054	1000002	
81	7	皇•薑維	203081	1000072	1000068	1000008	1000054	1000002	1000032	
82	1	諸葛果	200082,210082	
82	2	真•諸葛果	200082,210082	1000074	
82	3	鬼•諸葛果	201082,211082	1000074	1000045	
82	4	神•諸葛果	201082,211082	1000074	1000045	1000070	
82	5	聖•諸葛果	202082,212082	1000074	1000045	1000070	1000056	
82	6	王•諸葛果	202082,212082	1000074	1000045	1000070	1000056	1000022	
82	7	皇•諸葛果	203082,213082	1000074	1000045	1000070	1000056	1000022	1000031	
83	1	龐統	200083	
83	2	真•龐統	200083	1000073	
83	3	鬼•龐統	201083	1000073	1000047	
83	4	神•龐統	201083	1000073	1000047	1000077	
83	5	聖•龐統	202083	1000073	1000047	1000077	1000097	
83	6	王•龐統	202083	1000073	1000047	1000077	1000097	1000002	
83	7	皇•龐統	203083	1000073	1000047	1000077	1000097	1000002	1000093	
84	1	黃忠	100084	
84	2	陳宮	100084	1000071	
84	3	鬼•黃忠	101084	1000071	1000048	
84	4	神•黃忠	101084	1000071	1000048	1000078	
84	5	聖•黃忠	102084	1000071	1000048	1000078	1000054	
84	6	王•黃忠	102084	1000071	1000048	1000078	1000054	1000001	
84	7	皇•黃忠	103084	1000071	1000048	1000078	1000054	1000001	1000064	
85	1	董卓	100085,110085,120085	
85	2	真•董卓	100085,110085,120085	1000071	
85	3	鬼•董卓	101085,111085,121085	1000071	1000045	
85	4	神•董卓	101085,111085,121085	1000071	1000045	1000103	
85	5	聖•董卓	102085,112085,122085	1000071	1000045	1000103	1000104	
85	6	王•董卓	102085,112085,122085	1000071	1000045	1000103	1000104	1000015	
85	7	皇•董卓	103085,113085,123085	1000071	1000045	1000103	1000104	1000015	1000024	
86	1	呂布	100086,110086	
86	2	真•呂布	100086,110086	1000067	
86	3	鬼•呂布	101086,111086	1000067	1000081	
86	4	神•呂布	101086,111086	1000067	1000081	1000075	
86	5	聖•呂布	102086,112086	1000067	1000081	1000075	1000066	
86	6	王•呂布	102086,112086	1000067	1000081	1000075	1000066	1000001	
86	7	皇•呂布	103086,113086	1000067	1000081	1000075	1000066	1000001	1000029	
87	1	貂蟬	300087,310087,320087	
87	2	真•貂蟬	300087,310087,320087	1000067	
87	3	鬼•貂蟬	301087,311087,321087	1000067	1000045	
87	4	神•貂蟬	301087,311087,321087	1000067	1000045	1000083	
87	5	聖•貂蟬	302087,312087,322087	1000067	1000045	1000083	1000053	
87	6	王•貂蟬	302087,312087,322087	1000067	1000045	1000083	1000053	1000082	
87	7	皇•貂蟬	303087,313087,323087	1000067	1000045	1000083	1000053	1000082	1000025	
88	1	張角	200088	
88	2	真•張角	200088	1000071	
88	3	鬼•張角	201088	1000071	1000068	
88	4	神•張角	201088	1000071	1000068	1000084	
88	5	聖•張角	202088	1000071	1000068	1000084	1000020	
88	6	王•張角	202088	1000071	1000068	1000084	1000020	1000065	
88	7	皇•張角	203088	1000071	1000068	1000084	1000020	1000065	1000030	
89	1	蔡文姬	400089	
89	2	真•蔡文姬	400089	1000073	
89	3	鬼•蔡文姬	401089	1000073	1000047	
89	4	神•蔡文姬	401089	1000073	1000047	1000077	
89	5	聖•蔡文姬	402089	1000073	1000047	1000077	1000055	
89	6	王•蔡文姬	402089	1000073	1000047	1000077	1000055	1000002	
89	7	皇•蔡文姬	403089	1000073	1000047	1000077	1000055	1000002	1000039	
90	1	呂玲綺	100090,110090	
90	2	真•呂玲綺	100090,110090	1000072	
90	3	鬼•呂玲綺	101090,111090	1000072	1000068	
90	4	神•呂玲綺	101090,111090	1000072	1000068	1000078	
90	5	聖•呂玲綺	102090,112090	1000072	1000068	1000078	1000054	
90	6	王•呂玲綺	102090,112090	1000072	1000068	1000078	1000054	1000011	
90	7	皇•呂玲綺	103090,113090	1000072	1000068	1000078	1000054	1000011	1000022	
91	1	華佗	400091	
91	2	真•華佗	400091	1000071	
91	3	鬼•華佗	401091	1000071	1000047	
91	4	神•華佗	401091	1000071	1000047	1000079	
91	5	聖•華佗	402091	1000071	1000047	1000079	1000002	
91	6	王•華佗	402091	1000071	1000047	1000079	1000002	1000106	
91	7	皇•華佗	403091	1000071	1000047	1000079	1000002	1000106	1000031	
92	1	祝融	200092,210092	
92	2	真•祝融	200092,210092	1000067	
92	3	鬼•祝融	201092,211092	1000067	1000045	
92	4	神•祝融	201092,211092	1000067	1000045	1000077	
92	5	聖•祝融	202092,212092	1000067	1000045	1000077	1000053	
92	6	王•祝融	202092,212092	1000067	1000045	1000077	1000053	1000022	
92	7	皇•祝融	203092,213092	1000067	1000045	1000077	1000053	1000022	1000064	
93	1	曹操	200093,210093,220093	
93	2	真•曹操	200093,210093,220093	1000067	
93	3	鬼•曹操	201093,211093,221093	1000067	1000045	
93	4	神•曹操	201093,211093,221093	1000067	1000045	1000103	
93	5	聖•曹操	202093,212093,222093	1000067	1000045	1000103	1000097	
93	6	王•曹操	202093,212093,222093	1000067	1000045	1000103	1000097	1000015	
93	7	皇•曹操	203093,213093,223093	1000067	1000045	1000103	1000097	1000015	1000024	
94	1	司馬懿	200094,210094	
94	2	真•司馬懿	200094,210094	1000074	
94	3	鬼•司馬懿	201094,211094	1000074	1000047	
94	4	神•司馬懿	201094,211094	1000074	1000047	1000079	
94	5	聖•司馬懿	202094,212094	1000074	1000047	1000079	1000055	
94	6	王•司馬懿	202094,212094	1000074	1000047	1000079	1000055	1000002	
94	7	皇•司馬懿	203094,213094	1000074	1000047	1000079	1000055	1000002	1000030	
95	1	甄姬	200095,210095	
95	2	真•甄姬	200095,210095	1000074	
95	3	鬼•甄姬	201095,211095	1000074	1000047	
95	4	神•甄姬	201095,211095	1000074	1000047	1000079	
95	5	聖•甄姬	202095,212095	1000074	1000047	1000079	1000055	
95	6	王•甄姬	202095,212095	1000074	1000047	1000079	1000055	1000002	
95	7	皇•甄姬	203095,213095	1000074	1000047	1000079	1000055	1000002	1000044	
96	1	夏侯惇	100096,110096	
96	2	真•夏侯惇	100096,110096	1000071	
96	3	鬼•夏侯惇	101096,111096	1000071	1000068	
96	4	神•夏侯惇	101096,111096	1000071	1000068	1000070	
96	5	聖•夏侯惇	102096,112096	1000071	1000068	1000070	1000053	
96	6	王•夏侯惇	102096,112096	1000071	1000068	1000070	1000053	1000032	
96	7	皇•夏侯惇	103096,113096	1000071	1000068	1000070	1000053	1000032	1000035	
97	1	張遼	100097,110097	
97	2	真•張遼	100097,110097	1000072	
97	3	鬼•張遼	101097,111097	1000072	1000081	
97	4	神•張遼	101097,111097	1000072	1000081	1000078	
97	5	聖•張遼	102097,112097	1000072	1000081	1000078	1000054	
97	6	王•張遼	102097,112097	1000072	1000081	1000078	1000054	1000012	
97	7	皇•張遼	103097,113097	1000072	1000081	1000078	1000054	1000012	1000085	
98	1	司馬昭	200098	
98	2	真•司馬昭	200098	1000074	
98	3	鬼•司馬昭	201098	1000074	1000045	
98	4	神•司馬昭	201098	1000074	1000045	1000077	
98	5	聖•司馬昭	202098	1000074	1000045	1000077	1000056	
98	6	王•司馬昭	202098	1000074	1000045	1000077	1000056	1000022	
98	7	皇•司馬昭	203098	1000074	1000045	1000077	1000056	1000022	1000007	
99	1	鄧艾	300099,310099	
99	2	真•鄧艾	300099,310099	1000073	
99	3	鬼•鄧艾	301099,311099	1000073	1000047	
99	4	神•鄧艾	301099,311099	1000073	1000047	1000079	
99	5	聖•鄧艾	302099,312099	1000073	1000047	1000079	1000053	
99	6	王•鄧艾	302099,312099	1000073	1000047	1000079	1000053	1000002	
99	7	皇•鄧艾	303099,313099	1000073	1000047	1000079	1000053	1000002	1000022	
100	1	張春華	400100	
100	2	真•張春華	400100	1000073	
100	3	鬼•張春華	401100	1000073	1000048	
100	4	神•張春華	401100	1000073	1000048	1000079	
100	5	聖•張春華	402100	1000073	1000048	1000079	1000055	
100	6	王•張春華	402100	1000073	1000048	1000079	1000055	1000002	
100	7	皇•張春華	403100	1000073	1000048	1000079	1000055	1000002	1000031	
101	1	夏侯淵	100101,110101	
101	2	真•夏侯淵	100101,110101	1000067	
101	3	鬼•夏侯淵	101101,111101	1000067	1000046	
101	4	神•夏侯淵	101101,111101	1000067	1000046	1000070	
101	5	聖•夏侯惇(幻)	102101,112101	1000067	1000046	1000070	1000054	
101	6	王•夏侯淵	102101,112101	1000067	1000046	1000070	1000054	1000001	
101	7	皇•夏侯淵	103101,113101	1000067	1000046	1000070	1000054	1000001	1000094	
102	1	荀攸	300102	
102	2	真•荀攸	300102	1000072	
102	3	鬼•荀攸	301102	1000072	1000045	
102	4	神•荀攸	301102	1000072	1000045	1000078	
102	5	聖•荀攸	302102	1000072	1000045	1000078	1000054	
102	6	王•荀攸	302102	1000072	1000045	1000078	1000054	1000001	
102	7	皇•荀攸	303102	1000072	1000045	1000078	1000054	1000001	1000022	
103	1	荀彧	200103	
103	2	真•荀彧	200103	1000071	
103	3	鬼•荀彧	201103	1000071	1000048	
103	4	神•荀彧	201103	1000071	1000048	1000077	
103	5	聖•荀彧	202103	1000071	1000048	1000077	1000053	
103	6	王•荀彧	202103	1000071	1000048	1000077	1000053	1000025	
103	7	皇•荀彧	203103	1000071	1000048	1000077	1000053	1000025	1000031	
104	1	賈詡	200104	
104	2	真•賈詡	200104	1000049	
104	3	鬼•賈詡	201104	1000049	1000076	
104	4	神•賈詡	201104	1000049	1000076	1000075	
104	5	聖•賈詡	202104	1000049	1000076	1000075	1000097	
104	6	王•賈詡	202104	1000049	1000076	1000075	1000097	1000065	
104	7	皇•賈詡	203104	1000049	1000076	1000075	1000097	1000065	1000086	
105	1	孫權	300105,310105,320105	
105	2	真•孫權	300105,310105,320105	1000071	
105	3	鬼•孫權	301105,311105,321105	1000071	1000045	
105	4	神•孫權	301105,311105,321105	1000071	1000045	1000103	
105	5	聖•孫權	302105,312105,322105	1000071	1000045	1000103	1000097	
105	6	王•孫權	302105,312105,322105	1000071	1000045	1000103	1000097	1000015	
105	7	皇•孫權	303105,313105,323105	1000071	1000045	1000103	1000097	1000015	1000024	
106	1	孫策	100106,110106	
106	2	真•孫策	100106,110106	1000072	
106	3	鬼•孫策	101106,111106	1000072	1000050	
106	4	神•孫策	101106,111106	1000072	1000050	1000076	
106	5	聖•孫策	102106,112106	1000072	1000050	1000076	1000104	
106	6	王•孫策	102106,112106	1000072	1000050	1000076	1000104	1000105	
106	7	皇•孫策	103106,113106	1000072	1000050	1000076	1000104	1000105	1000029	
107	1	甘寧	100107	
107	2	真•甘寧	100107	1000071	
107	3	鬼•甘寧	101107	1000071	1000068	
107	4	神•甘寧	101107	1000071	1000068	1000008	
107	5	聖•甘寧	102107	1000071	1000068	1000008	1000021	
107	6	王•甘寧	102107	1000071	1000068	1000008	1000021	1000001	
107	7	皇•甘寧	103107	1000071	1000068	1000008	1000021	1000001	1000035	
108	1	太史慈	100108	
108	2	真•太史慈	100108	1000072	
108	3	鬼•太史慈	101108	1000072	1000046	
108	4	神•太史慈	101108	1000072	1000046	1000078	
108	5	聖•太史慈	102108	1000072	1000046	1000078	1000054	
108	6	王•太史慈	102108	1000072	1000046	1000078	1000054	1000001	
108	7	皇•太史慈	103108	1000072	1000046	1000078	1000054	1000001	1000094	
109	1	周瑜	200109	
109	2	真•周瑜	200109	1000073	
109	3	鬼•周瑜	201109	1000073	1000047	
109	4	神•周瑜	201109	1000073	1000047	1000079	
109	5	聖•周瑜	202109	1000073	1000047	1000079	1000055	
109	6	王•周瑜	202109	1000073	1000047	1000079	1000055	1000022	
109	7	皇•周瑜	203109	1000073	1000047	1000079	1000055	1000022	1000065	
110	1	大喬	400110	
110	2	真•大喬	400110	1000074	
110	3	鬼•大喬	401110	1000074	1000047	
110	4	神•大喬	401110	1000074	1000047	1000079	
110	5	聖•大喬	402110	1000074	1000047	1000079	1000055	
110	6	王•大喬	402110	1000074	1000047	1000079	1000055	1000002	
110	7	皇•大喬	403110	1000074	1000047	1000079	1000055	1000002	1000034	
111	1	小喬	400111	
111	2	真•小喬	400111	1000074	
111	3	鬼•小喬	401111	1000074	1000047	
111	4	神•小喬	401111	1000074	1000047	1000079	
111	5	聖•小喬	402111	1000074	1000047	1000079	1000055	
111	6	王•小喬	402111	1000074	1000047	1000079	1000055	1000002	
111	7	皇•小喬	403111	1000074	1000047	1000079	1000055	1000002	1000031	
112	1	呂蒙	100112	
112	2	真•呂蒙	100112	1000071	
112	3	鬼•呂蒙	101112	1000071	1000068	
112	4	神•呂蒙	101112	1000071	1000068	1000078	
112	5	聖•呂蒙	102112	1000071	1000068	1000078	1000008	
112	6	王•呂蒙	102112	1000071	1000068	1000078	1000008	1000025	
112	7	皇•呂蒙	103112	1000071	1000068	1000078	1000008	1000025	1000032	
113	1	孫堅	100113	
113	2	真•孫堅	100113	1000071	
113	3	鬼•孫堅	101113	1000071	1000045	
113	4	神•孫堅	101113	1000071	1000045	1000078	
113	5	聖•孫堅	102113	1000071	1000045	1000078	1000054	
113	6	王•孫堅	102113	1000071	1000045	1000078	1000054	1000001	
113	7	皇•孫堅	103113	1000071	1000045	1000078	1000054	1000001	1000038	
114	1	貂蟬(幻）	300114,310114,320114	
114	2	真•貂蟬(幻)	300114,310114,320114	1000067	
114	3	鬼•貂蟬	301114,311114,321114	1000067	1000108	
114	4	神•貂蟬(幻)	301114,311114,321114	1000067	1000108	1000103	
114	5	聖•貂蟬(幻)	302114,312114,322114	1000067	1000108	1000103	1000132	
114	6	王•貂蟬(幻)	302114,312114,322114	1000067	1000108	1000103	1000132	1000133	
114	7	皇•貂蟬(幻)	303114,313114,323114	1000067	1000108	1000103	1000132	1000133	1000146	
114	8	道•貂蟬(幻)	303114,313114,323114	1000067	1000108	1000103	1000132	1000133	1000146	
114	9	魔•貂蟬(幻)	303114,313114,323114	1000067	1000108	1000103	1000132	1000133	1000146	
114	10	滅•貂蟬(幻)	303114,313114,323114	1000067	1000108	1000103	1000132	1000133	1000146	
115	1	祝融(幻)	200115,210115	
115	2	真•祝融(幻)	200115,210115	1000067	
115	3	鬼•祝融(幻)	201115,211115	1000067	1000045	
115	4	神•祝融(幻)	201115,211115	1000067	1000045	1000120	
115	5	聖•祝融(幻)	202115,212115	1000067	1000045	1000120	1000000	
115	6	王•祝融(幻)	202115,212115	1000067	1000045	1000120	1000000	1000043	
115	7	皇•祝融(幻)	203115,213115	1000067	1000045	1000120	1000000	1000043	1000134	
115	8	道•祝融(幻)	203115,213115	1000067	1000045	1000120	1000000	1000043	1000134	
115	9	魔•祝融(幻)	203115,213115	1000067	1000045	1000120	1000000	1000043	1000134	
115	10	滅•祝融(幻)	203115,213115	1000067	1000045	1000120	1000000	1000043	1000134	
116	1	小喬(幻)	400116	
116	2	真•小喬(幻)	400116	1000073	
116	3	鬼•小喬(幻)	401116	1000073	1000047	
116	4	神•小喬(幻)	401116	1000073	1000047	1000117	
116	5	聖•小喬(幻)	402116	1000073	1000047	1000117	1000135	
116	6	王•小喬(幻)	402116	1000073	1000047	1000117	1000135	1000115	
116	7	皇•小喬(幻)	403116	1000073	1000047	1000117	1000135	1000115	1000136	
116	8	道•小喬(幻)	403116	1000073	1000047	1000117	1000135	1000115	1000136	
116	9	魔•小喬(幻)	403116	1000073	1000047	1000117	1000135	1000115	1000136	
116	10	滅•小喬(幻)	403116	1000073	1000047	1000117	1000135	1000115	1000136	
117	1	張飛(幻)	100117,110117	
117	2	真•張飛(幻)	100117,110117	1000067	
117	3	鬼•張飛(幻)	101117,111117	1000067	1000046	
117	4	神•張飛(幻)	101117,111117	1000067	1000046	1000131	
117	5	聖•張飛(幻)	102117,112117	1000067	1000046	1000131	1000001	
117	6	王•張飛(幻)	102117,112117	1000067	1000046	1000131	1000001	1000107	
117	7	皇•張飛(幻)	103117,113117	1000067	1000046	1000131	1000001	1000107	1000063	
117	8	道•張飛(幻)	103117,113117	1000067	1000046	1000131	1000001	1000107	1000063	
117	9	魔•張飛(幻)	103117,113117	1000067	1000046	1000131	1000001	1000107	1000063	
117	10	滅•張飛(幻)	103117,113117	1000067	1000046	1000131	1000001	1000107	1000063	
118	1	孫尚香(幻)	300118	
118	2	真•孫尚香(幻)	300118	1000071	
118	3	鬼•孫尚香(幻)	301118	1000071	1000047	
118	4	神•孫尚香(幻)	301118	1000071	1000047	1000065	
118	5	聖•孫尚香(幻)	302118	1000071	1000047	1000065	1000002	
118	6	王•孫尚香(幻)	302118	1000071	1000047	1000065	1000002	1000006	
118	7	皇•孫尚香(幻)	303118	1000071	1000047	1000065	1000002	1000006	1000088	
118	8	道•孫尚香(幻)	303118	1000071	1000047	1000065	1000002	1000006	1000088	
118	9	魔•孫尚香(幻)	303118	1000071	1000047	1000065	1000002	1000006	1000088	
118	10	滅•孫尚香(幻)	303118	1000071	1000047	1000065	1000002	1000006	1000088	
119	1	劉備(幻)	100119,110119,120119	
119	2	真•劉備(幻)	100119,110119,120119	1000071	
119	3	鬼•劉備(幻)	101119,111119,121119	1000071	1000045	
119	4	神•劉備(幻)	101119,111119,121119	1000071	1000045	1000137	
119	5	聖•劉備(幻)	102119,112119,122119	1000071	1000045	1000137	1000125	
119	6	王•劉備(幻)	102119,112119,122119	1000071	1000045	1000137	1000125	1000099	
119	7	皇•劉備(幻)	103119,113119,123119	1000071	1000045	1000137	1000125	1000099	1000122	
119	8	道•劉備(幻)	103119,113119,123119	1000071	1000045	1000137	1000125	1000099	1000122	
119	9	魔•劉備(幻)	103119,113119,123119	1000071	1000045	1000137	1000125	1000099	1000122	
119	10	滅•劉備(幻)	103119,113119,123119	1000071	1000045	1000137	1000125	1000099	1000122	
120	1	諸葛亮(幻)	300120,310120	
120	2	真•諸葛亮(幻)	300120,310120	1000074	
120	3	鬼•諸葛亮(幻)	301120,311120	1000074	1000045	
120	4	神•諸葛亮(幻)	301120,311120	1000074	1000045	1000117	
120	5	聖•諸葛亮(幻)	302120,312120	1000074	1000045	1000117	1000118	
120	6	王•諸葛亮(幻)	302120,312120	1000074	1000045	1000117	1000118	1000119	
120	7	皇•諸葛亮(幻)	303120,313120	1000074	1000045	1000117	1000118	1000119	1000030	
120	8	道•諸葛亮(幻)	303120,313120	1000074	1000045	1000117	1000118	1000119	1000030	
120	9	魔•諸葛亮(幻)	303120,313120	1000074	1000045	1000117	1000118	1000119	1000030	
120	10	滅•諸葛亮(幻)	303120,313120	1000074	1000045	1000117	1000118	1000119	1000030	
121	1	呂玲綺(幻)	100121,110121	
121	2	真•呂玲綺(幻)	100121,110121	1000072	
121	3	鬼•呂玲綺(幻)	101121,111121	1000072	1000068	
121	4	神•呂玲綺(幻)	101121,111121	1000072	1000068	1000014	
121	5	聖•呂玲綺(幻)	102121,112121	1000072	1000068	1000014	1000001	
121	6	王•呂玲綺(幻)	102121,112121	1000072	1000068	1000014	1000001	1000009	
121	7	皇•呂玲綺(幻)	103121,113121	1000072	1000068	1000014	1000001	1000009	1000090	
121	8	道•呂玲綺(幻)	103121,113121	1000072	1000068	1000014	1000001	1000009	1000090	
121	9	魔•呂玲綺(幻)	103121,113121	1000072	1000068	1000014	1000001	1000009	1000090	
121	10	滅•呂玲綺(幻)	103121,113121	1000072	1000068	1000014	1000001	1000009	1000090	
122	1	夏侯惇(幻)	100122,110122	
122	2	真•夏侯惇(幻)	100122,110122	1000071	
122	3	鬼•夏侯惇(幻)	101122,111122	1000071	1000068	
122	4	神•夏侯惇(幻)	101122,111122	1000071	1000068	1000120	
122	5	聖•夏侯惇(幻)	102122,112122	1000071	1000068	1000120	1000043	
122	6	王•夏侯惇(幻)	102122,112122	1000071	1000068	1000120	1000043	1000128	
122	7	皇•夏侯惇(幻)	103122,113122	1000071	1000068	1000120	1000043	1000128	1000138	
122	8	道•夏侯惇(幻)	103122,113122	1000071	1000068	1000120	1000043	1000128	1000138	
122	9	魔•夏侯惇(幻)	103122,113122	1000071	1000068	1000120	1000043	1000128	1000138	
122	10	滅•夏侯惇(幻)	103122,113122	1000071	1000068	1000120	1000043	1000128	1000138	
123	1	甄姬(幻)	200123,210123	
123	2	真•甄姬(幻)	200123,210123	1000071	
123	3	鬼•甄姬(幻)	201123,211123	1000071	1000047	
123	4	神•甄姬(幻)	201123,211123	1000071	1000047	1000121	
123	5	聖•甄姬(幻)	202123,212123	1000071	1000047	1000121	1000092	
123	6	王•甄姬(幻)	202123,212123	1000071	1000047	1000121	1000092	1000006	
123	7	皇•甄姬(幻)	203123,213123	1000071	1000047	1000121	1000092	1000006	1000030	
123	8	道•甄姬(幻)	203123,213123	1000071	1000047	1000121	1000092	1000006	1000030	
123	9	魔•甄姬(幻)	203123,213123	1000071	1000047	1000121	1000092	1000006	1000030	
123	10	滅•甄姬(幻)	203123,213123	1000071	1000047	1000121	1000092	1000006	1000030	
124	1	蔡文姬(幻)	400124	
124	2	真•蔡文姬(幻)	400124	1000073	
124	3	鬼•蔡文姬(幻)	401124	1000073	1000047	
124	4	神•蔡文姬(幻)	401124	1000073	1000047	1000139	
124	5	聖•蔡文姬(幻)	402124	1000073	1000047	1000139	1000002	
124	6	王•蔡文姬(幻)	402124	1000073	1000047	1000139	1000002	1000009	
124	7	皇•蔡文姬(幻)	403124	1000073	1000047	1000139	1000002	1000009	1000122	
124	8	道•蔡文姬(幻)	403124	1000073	1000047	1000139	1000002	1000009	1000122	
124	9	魔•蔡文姬(幻)	403124	1000073	1000047	1000139	1000002	1000009	1000122	
124	10	滅•蔡文姬(幻)	403124	1000073	1000047	1000139	1000002	1000009	1000122	
125	1	周瑜(幻)	200125	
125	2	真•周瑜(幻)	200125	1000073	
125	3	鬼•周瑜(幻)	201125	1000073	1000047	
125	4	神•周瑜(幻)	201125	1000073	1000047	1000101	
125	5	聖•周瑜(幻)	202125	1000073	1000047	1000101	1000065	
125	6	王•周瑜(幻)	202125	1000073	1000047	1000101	1000065	1000006	
125	7	皇•周瑜(幻)	203125	1000073	1000047	1000101	1000065	1000006	1000123	
125	8	道•周瑜(幻)	203125	1000073	1000047	1000101	1000065	1000006	1000123	
125	9	魔•周瑜(幻)	203125	1000073	1000047	1000101	1000065	1000006	1000123	
125	10	滅•周瑜(幻)	203125	1000073	1000047	1000101	1000065	1000006	1000123	
126	1	張遼(幻)	100126,110126	
126	2	真•張遼(幻)	100126,110126	1000072	
126	3	鬼•張遼(幻)	101126,111126	1000072	1000076	
126	4	神•張遼(幻)	101126,111126	1000072	1000076	1000014	
126	5	聖•張遼(幻)	102126,112126	1000072	1000076	1000014	1000096	
126	6	王•張遼(幻)	102126,112126	1000072	1000076	1000014	1000096	1000005	
126	7	皇•張遼(幻)	103126,113126	1000072	1000076	1000014	1000096	1000005	1000085	
126	8	道•張遼(幻)	103126,113126	1000072	1000076	1000014	1000096	1000005	1000085	
126	9	魔•張遼(幻)	103126,113126	1000072	1000076	1000014	1000096	1000005	1000085	
126	10	滅•張遼(幻)	103126,113126	1000072	1000076	1000014	1000096	1000005	1000085	
127	1	關羽(幻)	100127,110127	
127	2	真•關羽(幻)	100127,110127	1000072	
127	3	鬼•關羽(幻)	101127,111127	1000072	1000076	
127	4	神•關羽(幻)	101127,111127	1000072	1000076	1000140	
127	5	聖•關羽(幻)	102127,112127	1000072	1000076	1000140	1000096	
127	6	王•關羽(幻)	102127,112127	1000072	1000076	1000140	1000096	1000131	
127	7	皇•關羽(幻)	103127,113127	1000072	1000076	1000140	1000096	1000131	1000034	
127	8	道•關羽(幻)	103127,113127	1000072	1000076	1000140	1000096	1000131	1000034	
127	9	魔•關羽(幻)	103127,113127	1000072	1000076	1000140	1000096	1000131	1000034	
127	10	滅•關羽(幻)	103127,113127	1000072	1000076	1000140	1000096	1000131	1000034	
128	1	曹操(幻)	200128,210128,220128	
128	2	真•曹操(幻)	200128,210128,220128	1000067	
128	3	鬼•曹操(幻)	201128,211128,221128	1000067	1000045	
128	4	神•曹操(幻)	201128,211128,221128	1000067	1000045	1000144	
128	5	聖•曹操(幻)	202128,212128,222128	1000067	1000045	1000144	1000145	
128	6	王•曹操(幻)	202128,212128,222128	1000067	1000045	1000144	1000145	1000099	
128	7	皇•曹操(幻)	203128,213128,223128	1000067	1000045	1000144	1000145	1000099	1000122	
128	8	道•曹操(幻)	203128,213128,223128	1000067	1000045	1000144	1000145	1000099	1000122	
128	9	魔•曹操(幻)	203128,213128,223128	1000067	1000045	1000144	1000145	1000099	1000122	
128	10	滅•曹操(幻)	203128,213128,223128	1000067	1000045	1000144	1000145	1000099	1000122	
129	1	趙雲(幻)	100129,110129	
129	2	真•趙雲(幻)	100129,110129	1000067	
129	3	鬼•趙雲(幻)	101129,111129	1000067	1000076	
129	4	神•趙雲(幻)	101129,111129	1000067	1000076	1000091	
129	5	聖•趙雲(幻)	102129,112129	1000067	1000076	1000091	1000011	
129	6	王•趙雲(幻)	102129,112129	1000067	1000076	1000091	1000011	1000005	
129	7	皇•趙雲(幻)	103129,113129	1000067	1000076	1000091	1000011	1000005	1000035	
129	8	道•趙雲(幻)	103129,113129	1000067	1000076	1000091	1000011	1000005	1000035	
129	9	魔•趙雲(幻)	103129,113129	1000067	1000076	1000091	1000011	1000005	1000035	
129	10	滅•趙雲(幻)	103129,113129	1000067	1000076	1000091	1000011	1000005	1000035	
130	1	呂布(幻)	100130,110130	
130	2	真•呂布(幻)	100130,110130	1000067	
130	3	鬼•呂布(幻)	101130,111130	1000067	1000057	
130	4	神•呂布(幻)	101130,111130	1000067	1000057	1000091	
130	5	聖•呂布(幻)	102130,112130	1000067	1000057	1000091	1000141	
130	6	王•呂布(幻)	102130,112130	1000067	1000057	1000091	1000141	1000063	
130	7	皇•呂布(幻)	103130,113130	1000067	1000057	1000091	1000141	1000063	1000142	
130	8	道•呂布(幻)	103130,113130	1000067	1000057	1000091	1000141	1000063	1000142	
130	9	魔•呂布(幻)	103130,113130	1000067	1000057	1000091	1000141	1000063	1000142	
130	10	滅•呂布(幻)	103130,113130	1000067	1000057	1000091	1000141	1000063	1000142	
131	1	孫權(幻)	300131,310131,320131	
131	2	真•孫權(幻)	300131,310131,320131	1000071	
131	3	鬼•孫權(幻)	301131,311131,321131	1000071	1000045	
131	4	神•孫權(幻)	301131,311131,321131	1000071	1000045	1000121	
131	5	聖•孫權(幻)	302131,312131,322131	1000071	1000045	1000121	1000124	
131	6	王•孫權(幻)	302131,312131,322131	1000071	1000045	1000121	1000124	1000099	
131	7	皇•孫權(幻)	303131,313131,323131	1000071	1000045	1000121	1000124	1000099	1000122	
131	8	道•孫權(幻)	303131,313131,323131	1000071	1000045	1000121	1000124	1000099	1000122	
131	9	魔•孫權(幻)	303131,313131,323131	1000071	1000045	1000121	1000124	1000099	1000122	
131	10	滅•孫權(幻)	303131,313131,323131	1000071	1000045	1000121	1000124	1000099	1000122	
132	1	陸遜(現)	200132,210132	
132	2	真•陸遜(現)	200132,210132	1000067	
132	3	鬼•陸遜(現)	201132,211132	1000067	1000047	
132	4	神•陸遜(現)	201132,211132	1000067	1000047	1000121	
132	5	聖•陸遜(現)	202132,212132	1000067	1000047	1000121	1000139	
132	6	王•陸遜(現)	202132,212132	1000067	1000047	1000121	1000139	1000006	
132	7	皇•陸遜(現)	203132,213132	1000067	1000047	1000121	1000139	1000006	1000101	
132	8	道•陸遜(現)	203132,213132	1000067	1000047	1000121	1000139	1000006	1000101	
132	9	魔•陸遜(現)	203132,213132	1000067	1000047	1000121	1000139	1000006	1000101	
132	10	滅•陸遜(現)	203132,213132	1000067	1000047	1000121	1000139	1000006	1000101	
133	1	丁奉(現)	100133	
133	2	真•丁奉(現)	100133	1000067	
133	3	鬼•丁奉(現)	101133	1000067	1000068	
133	4	神•丁奉(現)	101133	1000067	1000068	1000120	
133	5	聖•丁奉(現)	102133	1000067	1000068	1000120	1000043	
133	6	王•丁奉(現)	102133	1000067	1000068	1000120	1000043	1000131	
133	7	皇•丁奉(現)	103133	1000067	1000068	1000120	1000043	1000131	1000035	
133	8	道•丁奉(現)	103133	1000067	1000068	1000120	1000043	1000131	1000035	
133	9	魔•丁奉(現)	103133	1000067	1000068	1000120	1000043	1000131	1000035	
133	10	滅•丁奉(現)	103133	1000067	1000068	1000120	1000043	1000131	1000035	
134	1	郭嘉(現)	300134,310134	
134	2	真•郭嘉(現)	300134,310134	1000071	
134	3	鬼•郭嘉(現)	301134,311134	1000071	1000045	
134	4	神•郭嘉(現)	301134,311134	1000071	1000045	1000124	
134	5	聖•郭嘉(現)	302134,312134	1000071	1000045	1000124	1000125	
134	6	王•郭嘉(現)	302134,312134	1000071	1000045	1000124	1000125	1000092	
134	7	皇•郭嘉(現)	303134,313134	1000071	1000045	1000124	1000125	1000092	1000126	
134	8	道•郭嘉(現)	303134,313134	1000071	1000045	1000124	1000125	1000092	1000126	
134	9	魔•郭嘉(現)	303134,313134	1000071	1000045	1000124	1000125	1000092	1000126	
134	10	滅•郭嘉(現)	303134,313134	1000071	1000045	1000124	1000125	1000092	1000126	
135	1	曹仁(現)	100135,110135	
135	2	真•曹仁(現)	100135,110135	1000071	
135	3	鬼•曹仁(現)	101135,111135	1000071	1000068	
135	4	神•曹仁(現)	101135,111135	1000071	1000068	1000091	
135	5	聖•曹仁(現)	102135,112135	1000071	1000068	1000091	1000009	
135	6	王•曹仁(現)	102135,112135	1000071	1000068	1000091	1000009	1000128	
135	7	皇•曹仁(現)	103135,113135	1000071	1000068	1000091	1000009	1000128	1000063	
135	8	道•曹仁(現)	103135,113135	1000071	1000068	1000091	1000009	1000128	1000063	
135	9	魔•曹仁(現)	103135,113135	1000071	1000068	1000091	1000009	1000128	1000063	
135	10	滅•曹仁(現)	103135,113135	1000071	1000068	1000091	1000009	1000128	1000063	
136	1	於吉(現)	300136	
136	2	真•於吉(現)	300136	1000071	
136	3	鬼•於吉(現)	301136	1000071	1000068	
136	4	神•於吉(現)	301136	1000071	1000068	1000117	
136	5	聖•於吉(現)	302136	1000071	1000068	1000117	1000043	
136	6	王•於吉(現)	302136	1000071	1000068	1000117	1000043	1000030	
136	7	皇•於吉(現)	303136	1000071	1000068	1000117	1000043	1000030	1000143	
136	8	道•於吉(現)	303136	1000071	1000068	1000117	1000043	1000030	1000143	
136	9	魔•於吉(現)	303136	1000071	1000068	1000117	1000043	1000030	1000143	
136	10	滅•於吉(現)	303136	1000071	1000068	1000117	1000043	1000030	1000143	
137	1	左慈(現)	200137,210137	
137	2	真•左慈(現)	200137,210137	1000071	
137	3	鬼•左慈(現)	201137,211137	1000071	1000121	
137	4	神•左慈(現)	201137,211137	1000071	1000121	1000101	
137	5	聖•左慈(現)	202137,212137	1000071	1000121	1000101	1000129	
137	6	王•左慈(現)	202137,212137	1000071	1000121	1000101	1000129	1000006	
137	7	皇•左慈(現)	203137,213137	1000071	1000121	1000101	1000129	1000006	1000126	
137	8	道•左慈(現)	203137,213137	1000071	1000121	1000101	1000129	1000006	1000126	
137	9	魔•左慈(現)	203137,213137	1000071	1000121	1000101	1000129	1000006	1000126	
137	10	滅•左慈(現)	203137,213137	1000071	1000121	1000101	1000129	1000006	1000126	
138	1	關銀屏(現)	200138	
138	2	真•關銀屏(現)	200138	1000073	
138	3	鬼•關銀屏(現)	201138	1000073	1000081	
138	4	神•關銀屏(現)	201138	1000073	1000081	1000086	
138	5	聖•關銀屏(現)	202138	1000073	1000081	1000086	1000002	
138	6	王•關銀屏(現)	202138	1000073	1000081	1000086	1000002	1000006	
138	7	皇•關銀屏(現)	203138	1000073	1000081	1000086	1000002	1000006	1000034	
138	8	道•關銀屏(現)	203138	1000073	1000081	1000086	1000002	1000006	1000034	
138	9	魔•關銀屏(現)	203138	1000073	1000081	1000086	1000002	1000006	1000034	
138	10	滅•關銀屏(現)	203138	1000073	1000081	1000086	1000002	1000006	1000034	
139	1	黃月英(現)	400139	
139	2	真•黃月英(現)	400139	1000067	
139	3	鬼•黃月英(現)	401139	1000067	1000045	
139	4	神•黃月英(現)	401139	1000067	1000045	1000111	
139	5	聖•黃月英(現)	402139	1000067	1000045	1000111	1000023	
139	6	王•黃月英(現)	402139	1000067	1000045	1000111	1000023	1000101	
139	7	皇•黃月英(現)	403139	1000067	1000045	1000111	1000023	1000101	1000130	
139	8	道•黃月英(現)	403139	1000067	1000045	1000111	1000023	1000101	1000130	
139	9	魔•黃月英(現)	403139	1000067	1000045	1000111	1000023	1000101	1000130	
139	10	滅•黃月英(現)	403139	1000067	1000045	1000111	1000023	1000101	1000130	
9995	1	護軍教頭	100056	
9995	2	真•護軍教頭	100056	1000071	
9995	3	鬼•護軍教頭	101056	1000071	
9995	4	神•護軍教頭	101056	1000071	1000078	
9995	5	聖•護軍教頭	102056	1000071	1000078	
9995	6	王•護軍教頭	102056	1000071	1000078	1000053	
9995	7	皇•護軍教頭	103056	1000071	1000078	1000053	
9996	1	領軍教頭	100046	
9996	2	真•領軍教頭	100046	1000071	
9996	3	鬼•領軍教頭	101046	1000071	
9996	4	神•領軍教頭	101046	1000071	1000078	
9996	5	聖•領軍教頭	102046	1000071	1000078	
9996	6	王•領軍教頭	102046	1000071	1000078	1000053	
9996	7	皇•領軍教頭	103046	1000071	1000078	1000053	
9997	1	禁軍教頭	100056	
9997	2	真•禁軍教頭	100056	1000071	
9997	3	鬼•禁軍教頭	101056	1000071	
9997	4	神•禁軍教頭	101056	1000071	1000078	
9997	5	聖•禁軍教頭	102056	1000071	1000078	
9997	6	王•禁軍教頭	102056	1000071	1000078	1000053	
9997	7	皇•禁軍教頭	103056	1000071	1000078	1000053	
90001	1	黃巾士兵甲	100062	
90001	2	真•黃巾士兵甲	100062	1000071	
90001	3	鬼•黃巾士兵甲	101062	1000071	
90001	4	神•黃巾士兵甲	101062	1000071	1000078	
90001	5	聖•黃巾士兵甲	102062	1000071	1000078	
90001	6	王•黃巾士兵甲	102062	1000071	1000078	1000053	
90001	7	皇•黃巾士兵甲	103062	1000071	1000078	1000053	
90002	1	A將	100062	
90002	2	真•A將	100062	1000071	
90002	3	鬼•A將	101062	1000071	
90002	4	神•A將	101062	1000071	1000078	
90002	5	聖•A將	102062	1000071	1000078	
90002	6	王•A將	102062	1000071	1000078	1000053	
90002	7	皇•A將	103062	1000071	1000078	1000053	
90003	1	黃巾頭目	100056	
90003	2	真•黃巾頭目	100056	1000071	
90003	3	鬼•黃巾頭目	101056	1000071	
90003	4	神•黃巾頭目	101056	1000071	1000078	
90003	5	聖•黃巾頭目	102056	1000071	1000078	
90003	6	王•黃巾頭目	102056	1000071	1000078	1000053	
90003	7	皇•黃巾頭目	103056	1000071	1000078	1000053	
90004	1	黃巾士兵乙	100046	
90004	2	真•黃巾士兵乙	100046	1000071	
90004	3	鬼•黃巾士兵乙	101046	1000071	
90004	4	神•黃巾士兵乙	101046	1000071	1000078	
90004	5	聖•黃巾士兵乙	102046	1000071	1000078	
90004	6	王•黃巾士兵乙	102046	1000071	1000078	1000053	
90004	7	皇•黃巾士兵乙	103046	1000071	1000078	1000053	
90005	1	黃巾妖女	200072	
90005	2	真•黃巾妖女	200072	1000071	
90005	3	鬼•黃巾妖女	201072	1000071	
90005	4	神•黃巾妖女	201072	1000071	1000079	
90005	5	聖•黃巾妖女	202072	1000071	1000079	
90005	6	王•黃巾妖女	202072	1000071	1000079	1000055	
90005	7	皇•黃巾妖女	203072	1000071	1000079	1000055	
90006	1	程遠志	100046	
90006	2	真•程遠志	100046	1000071	
90006	3	鬼•程遠志	101046	1000071	
90006	4	神•程遠志	101046	1000071	1000078	
90006	5	聖•程遠志	102046	1000071	1000078	
90006	6	王•程遠志	102046	1000071	1000078	1000053	
90006	7	皇•程遠志	103046	1000071	1000078	1000053	
90007	1	鄧茂	100048	
90007	2	真•鄧茂	100048	1000071	
90007	3	鬼•鄧茂	101048	1000071	
90007	4	神•鄧茂	101048	1000071	1000078	
90007	5	聖•鄧茂	102048	1000071	1000078	
90007	6	王•鄧茂	102048	1000071	1000078	1000053	
90007	7	皇•鄧茂	103048	1000071	1000078	1000053	
90008	1	高升	100046	
90008	2	真•高升	100046	1000071	
90008	3	鬼•高升	101046	1000071	
90008	4	神•高升	101046	1000071	1000078	
90008	5	聖•高升	102046	1000071	1000078	
90008	6	王•高升	102046	1000071	1000078	1000053	
90008	7	皇•高升	103046	1000071	1000078	1000053	
90009	1	土匪甲	100056	
90009	2	真•土匪甲	100056	1000071	
90009	3	鬼•土匪甲	101056	1000071	
90009	4	神•土匪甲	101056	1000071	1000078	
90009	5	聖•土匪甲	102056	1000071	1000078	
90009	6	王•土匪甲	102056	1000071	1000078	1000053	
90009	7	皇•土匪甲	103056	1000071	1000078	1000053	
90010	1	土匪乙	100062	
90010	2	真•土匪乙	100062	1000071	
90010	3	鬼•土匪乙	101062	1000071	
90010	4	神•土匪乙	101062	1000071	1000078	
90010	5	聖•土匪乙	102062	1000071	1000078	
90010	6	王•土匪乙	102062	1000071	1000078	1000053	
90010	7	皇•土匪乙	103062	1000071	1000078	1000053	
90011	1	土匪頭目	100056	
90011	2	真•土匪頭目	100056	1000071	
90011	3	鬼•土匪頭目	101056	1000071	
90011	4	神•土匪頭目	101056	1000071	1000078	
90011	5	聖•土匪頭目	102056	1000071	1000078	
90011	6	王•土匪頭目	102056	1000071	1000078	1000053	
90011	7	皇•土匪頭目	103056	1000071	1000078	1000053	
90012	1	黃巾精英士兵	100046	
90012	2	真•黃巾精英士兵	100046	1000071	
90012	3	鬼•黃巾精英士兵	101046	1000071	
90012	4	神•黃巾精英士兵	101046	1000071	1000078	
90012	5	聖•黃巾精英士兵	102046	1000071	1000078	
90012	6	王•黃巾精英士兵	102046	1000071	1000078	1000053	
90012	7	皇•黃巾精英士兵	103046	1000071	1000078	1000053	
90013	1	張燕	100048	
90013	2	真•張燕	100048	1000071	
90013	3	鬼•張燕	101048	1000071	
90013	4	神•張燕	101048	1000071	1000078	
90013	5	聖•張燕	102048	1000071	1000078	
90013	6	王•張燕	102048	1000071	1000078	1000053	
90013	7	皇•張燕	103048	1000071	1000078	1000053	
90014	1	黃巾	100046	
90014	2	真•黃巾	100046	1000071	
90014	3	鬼•黃巾	101046	1000071	
90014	4	神•黃巾	101046	1000071	1000078	
90014	5	聖•黃巾	102046	1000071	1000078	
90014	6	王•黃巾	102046	1000071	1000078	1000053	
90014	7	皇•黃巾	103046	1000071	1000078	1000053	
90015	1	土匪	100056	
90015	2	真•土匪	100056	1000071	
90015	3	鬼•土匪	101056	1000071	
90015	4	神•土匪	101056	1000071	1000078	
90015	5	聖•土匪	102056	1000071	1000078	
90015	6	王•土匪	102056	1000071	1000078	1000053	
90015	7	皇•土匪	103056	1000071	1000078	1000053	
