id	名字	描述	生命	攻击	法术	法防	技能范围	技能基准点	阵营选择	值条件(条件)	百分比条件(条件)	几率(条件)	值(条件)	百分比(条件)	延迟时间	间隔时间	总时间	效果选择	作用属性	效果状态	百分比	基础伤害	技能伤害类型	延时类型	触发时机	比例(触发)	技能片特效	效果描述	技能声效	参数1	参数2	参数3	参数4	空行
1	王者之道	崇尚仁義的勇士，在神的佑護下，我方所有士兵生命大幅提升	0.2	0	0		8		1	
2	霸者之道	為理想，不惜一切代價的英雄，我方所有士兵攻擊大幅提升	0	0.2	0.2		8		1	
3	運籌之道	臨兵鬥者皆陣列在前，我方所有士兵生命加強，攻擊加強	0.2	0.1	0.2		8		1	
4	弓兵指揮	有自己上陣的戰鬥，我方弓兵的生命大幅提升	0.2	0	0		35		1	
5	弓兵精英	有自己上陣的戰鬥，我方弓兵的攻擊大幅提升	0	0.2	0		35		1	
6	神弓連弩	有自己上陣的戰鬥，我方弓兵的生命加強，攻擊加強	0.2	0.1	0.2		35		1	
7	步兵指揮	有自己上陣的戰鬥，我方步兵的生命大幅提升	0.2	0	0		33		1	
8	步兵精英	有自己上陣的戰鬥，我方步兵的攻擊大幅提升	0	0.2	0		33		1	
9	羽林禁衛	有自己上陣的戰鬥，我方步兵的生命加強，攻擊加強	0.2	0.1	0.2		33		1	
10	騎兵指揮	有自己上陣的戰鬥，我方騎兵的生命大幅提升	0.2	0	0		34		1	
11	騎兵精英	有自己上陣的戰鬥，我方騎兵的攻擊大幅提升	0	0.2	0		34		1	
12	驃騎鐵騎	有自己上陣的戰鬥，我方騎兵的生命加強，攻擊加強	0.2	0.1	0.2		34		1	
1000000	生命強化	戰場中提升自己30%生命					9	1	1			1			1			1	3		0.3	
1000001	攻擊強化	戰場中提升自己30%攻擊					9	1	1			1			1			1	1		0.3	
1000002	法術強化	戰場中提升自己30%法術					9	1	1			1			1			1	4		0.3	
1000003	法防強化	戰場中提升自己100%法防					9	1	1			1			1			1	5		1	
1000004	生命覺醒	戰場中提升自己60%生命					9	1	1			1			1			1	3		0.5	
1000005	攻擊覺醒	戰場中提升自己60%攻擊					9	1	1			1			1			1	1		0.5	
1000006	法術覺醒	戰場中提升自己60%法術					9	1	1			1			1			1	4		0.5	
1000007	法防覺醒	戰場中提升自己500%法防					9	1	1			1			1			1	5		5	
1000008	受傷降低	戰場中受到傷害降低15%					9	1	1			1			1			3		6	0.15	
1000009	受傷減免	戰場中受到傷害降低30%					9	1	1			1			1			3		6	0.3	
1000010	攻擊抵抗	戰場中受到攻擊屬性傷害降低30%					9	1	1			1			1			1	12		0.3	
1000011	攻擊減免	戰場中受到攻擊屬性傷害降低60%					9	1	1			1			1			1	12		0.6	
1000012	暴擊提升	戰場中暴擊幾率提升40%					9	1	1			1			1			1	11											0.4	
1000013	暴傷提升	戰場中暴擊傷害提升150%					9	1	1			1			1			1	11												1.5	
1000014	暴擊暴傷	戰場中暴擊幾率提升10%暴擊傷害提升50%					9	1	1			1			1			1	11											0.1	0.5	
1000015	免疫冰凍	戰場中我方所有武將獲得免疫冰凍效果持續15秒					40	2	1			1			1	900	900	4		8				1	
1000016	生命增益	戰場中給予友方武將增加15%生命					40	2	1			1			1			1	3		0.15	
1000017	攻擊增益	戰場中給予友方武將增加15%攻擊					40	2	1			1			1			1	1		0.15	
1000018	法術增益	戰場中給予友方武將增加15%法術					40	2	1			1			1			1	4		0.15	
1000019	法強增益	戰場中給予友方武將增加40%法防					40	2	1			1			1			1	5		0.4	
1000020	攻擊削減	戰場中友方所有單位受到攻擊屬性傷害降低20%					40	2	1			1			1			1	12		0.2	
1000021	受傷削減	戰場中友方所有單位受到傷害降低7%					40	2	1			1			1			3		6	0.07	
1000022	超級法防	戰場中增加9999999點法術防禦，持續15秒					9	1	1			1			1	900	900	2	5			9999999		1	
1000023	武力庇護	開戰後已方所有武將減少30%傷害持續10秒					40	2	1			1			1	600	600	4		6	0.3			1	
1000024	全軍庇護	開戰後已方所有單位減少20%傷害持續10秒					4	2	1			1			1	600	600	4		6	0.2			1	
1000025	武神之體	開戰後自己減少50%傷害持續12秒					9	1	1			1			1	720	720	4		6	0.5			1	
1000026	攻擊回血	攻擊敵人將回復攻擊數值10%的血量					9	1	1			1			1			3		1	0.1	
1000027	法術回血	戰場中每秒回復自己法術數值5%的血量					9	1	1			1			1	60	6000	7			0.05			1	
1000028	天怒神罰	自己死亡時敵方所有成員受到1次100%法術傷害的雷擊					4	2	2			1			1			6			1		2		1		Ani_dian		sound/skilleffect/lei/lei1.wav	
1000029	不滅之魂	自己死亡時敵方所有成員受到1次100%攻擊傷害的斬殺					4	2	2			1			1			6			1		3		1		Ani_Lightning		sound/skilleffect/dao/dao1.wav	
1000030	冰封千裏	自己死亡時冰凍所有敵方成員3秒					4	2	2			1			1	180	180	5						1	1		Ani_ice		sound/skilleffect/bing/bin1.wav	
1000031	治癒之心	自己死亡時恢復所有友軍200%法術數值的血量					4	2	1			1			1			7			2				1		Ani_greenLight		sound/skilleffect/huixue/huixue.wav	
1000032	覺醒之怒	友軍每死亡1人自己攻擊力提升100%					9	1	1			1			1			1	3		1				2	
1000033	覺醒不滅	友軍每死亡1人自己所受傷害降低20%					9	1	1			1			1	6000	6000	4		6	0.2			1	2	
1000034	連斬神技	敵人死亡時自己技能CD完全重置					9	1	1			1			1			1	13						3	
1000035	嗜血庇護	自己生命低於10%時，自己所受傷減少99%持續8秒					9	1	1			1			1	480	480	4		6	0.99			1	4	0.1	
1000036	嗜血狂暴	自己生命低於30%時，自己攻擊提升150%持續5秒					9	1	1			1			1	300	300	2	1		1.5			1	4	0.3	
1000037	嗜血雷霆	自己生命低於20%時，對所有敵人造成一次100%法術傷害的雷擊					4	2	2			1			1			6			1		2		4	0.2	
1000038	嗜血回復	自己生命低於50%時，獲得一個100%攻擊回血，持續5秒					9	1	1			1			1	300	300	4		1	1			1	4	0.5	
1000039	嗜血復活	自己生命低於20%時，回復自己500%法術數值的血量					9	1	1			1			1			7			5				4	0.2	
1000040	暴擊增益	提升已方武將15%暴擊幾率					40	2	1			1			1			1	11											0.15	
1000041	士兵庇護	我方所有士兵所受傷害減少30%					8	2	1			1			1			3		6	0.3	
1000042	瘋狂法術	敵人每死亡1人自己法術提升100%					9	1	1			1			1			1	4		1				3	
1000043	絕對防禦	法術防禦增加999999點					9	1	1			1			1			1	5			9999999	
1000044	嗜血冰凍	自己生命低於20%時，冰凍所有敵方成員3秒					4	2	2			1			1	180	180	5						1	4	0.2	Ani_ice		sound/skilleffect/bing/bin1.wav	
1000045	生命提升	戰場中提升自己2000點生命					9	1	1			1			1			1	3			2000	
1000046	攻擊提升	戰場中提升自己300點攻擊					9	1	1			1			1			1	1			300	
1000047	攻擊提升	戰場中提升自己300點法術					9	1	1			1			1			1	4			300	
1000048	法防提升	戰場中提升自己600點法防					9	1	1			1			1			1	5			600	
1000049	暴擊強化	戰場中提升自己5%暴擊幾率					9	1	1			1			1			1	11											0.05	
1000050	暴傷強化	戰場中提升自己10%暴擊傷害					9	1	1			1			1			1	11												0.1	
1000051	攻擊抵擋	戰場中受到攻擊傷害降低10%					9	1	1			1			1			1	12		0.1	
1000052	傷害抵擋	戰場中受到傷害降低4%					9	1	1			1			1			3		6	0.04	
1000053	生命覺醒	戰場中提升自己10000點生命					9	1	1			1			1			1	3			10000	
1000054	攻擊覺醒	戰場種提升自己1500點攻擊					9	1	1			1			1			1	1			1500	
1000055	法術覺醒	戰場中提升自己1500點法術					9	1	1			1			1			1	4			1500	
1000056	法防覺醒	戰場中提升自己3000點法術防禦					9	1	1			1			1			1	5			3000	
1000057	暴擊覺醒	戰場中提升自己25%暴擊幾率					9	1	1			1			1			1	11											0.25	
1000058	暴傷覺醒	戰場中提升自己50%暴擊傷害					9	1	1			1			1			1	11												0.5	
1000059	武神祝福	戰場中提升蜀國所有武將20%攻擊力					36	2	1			1			1			1	1		0.2	
1000060	戰神祝福	戰場中提升群雄所有武將20%攻擊力					39	1	1			1			1			1	1		0.2	
1000061	洛神祝福	戰場中提升魏國所有武將20%法術					38	1	1			1			1			1	4		0.2	
1000062	火神祝福	戰場中提升吳國所有武將20%法術					37	1	1			1			1			1	4		0.2	
1000063	天下無雙	戰場中提升自己50%暴擊幾率100%暴擊傷害					9	1	1			1			1			1	11											0.5	1	
1000064	無敵將魂	自己生命低於50%時，自己所受到傷害降低90%，持續5秒					9	1	1			1			1	300	300	4		6	0.9			1	4	0.5	
1000065	雷霆萬鈞	自己生命低於50%時，對所有敵人造成一次100%法術傷害的雷擊					4	2	2			1			1			6			1		2		4	0.5	Ani_dian		sound/skilleffect/lei/lei1.wav	
1000066	連斬神技	自己生命低於50%時，對所有敵人造成一次100%基礎傷害的斬擊					4	2	2			1			1			6			1		1		4	0.5	Ani_Lightning		sound/skilleffect/dao/dao1.wav	
1000067	受擊抵消	戰場中減免200點最終所受傷害					9	1	1			1			1			3		5		200	
1000068	受擊抵抗	戰場中減免400點最終所受傷害					9	1	1			1			1			3		5		400	
1000069	受擊減免	戰場中減免2000點最終所受傷害					9	1	1			1			1			3		5		2000	
1000070	受擊抵擋	戰場中減免1200點最終所受傷害					9	1	1			1			1			3		5		1200	
1000071	生命追加	戰場中提升自己1000點生命					9	1	1			1			1			1	3			1000	
1000072	攻擊追加	戰場中提升自己150點攻擊					9	1	1			1			1			1	1			150	
1000073	法術追加	戰場中提升自己150點法術					9	1	1			1			1			1	4			150	
1000074	法防追加	戰場中提升自己300點法防					9	1	1			1			1			1	5			300	
1000075	暴走無雙	戰場中暴擊幾率提升10%暴擊傷害提升20%					9	1	1			1			1			1	11											0.1	0.2	
1000076	暴擊無雙	戰場中提升自己15%暴擊幾率					9	1	1			1			1			1	11											0.15	
1000077	生命振幅	戰場中提升自己6000點生命					9	1	1			1			1			1	3			6000	
1000078	攻擊振幅	戰場種提升自己900點攻擊					9	1	1			1			1			1	1			900	
1000079	法術振幅	戰場中提升自己900點法術					9	1	1			1			1			1	4			900	
1000080	法防振幅	戰場中提升自己1800點法術防禦					9	1	1			1			1			1	5			1800	
1000081	暴擊振幅	戰場中提升自己10%暴擊幾率					9	1	1			1			1			1	11											0.1	
1000082	士兵強化	我方所有士兵攻擊和法術提升30%		0.3	0.3		8	2	1			1			1	
1000083	士兵抵抗	我方所有士兵受到傷害減少15%					8	2	1			1			1			3		6	0.15	
1000084	士兵加強	我方所有士兵攻擊和法術提升20%		0.2	0.2		8	2	1			1			1	
1000085	寧死反撲	自己生命低於15%時，對敵人武力最高的武將發動一次400%基礎傷害的斬殺					19	2	2			1			1			6			4		1		4	0.15	Ani_Lightning		sound/skilleffect/dao/dao1.wav	
1000086	無毒不歡	自己生命低於15%時，對敵人武力最高的武將發動一次400%法術傷害的雷擊					19	2	2			1			1			6			4		2		4	0.15	Ani_dian		sound/skilleffect/lei/lei1.wav	
1000087	超級法術	戰場中每秒回復自己法術數值12%的血量					9	1	1			1			1	60	6000	7			0.12			1	
1000088	雷霆突襲	自己生命低於20%時，對所有敵人造成一次150%法術傷害的雷擊					4	2	2			1			1			6			1.5		2		4	0.2	Ani_dian		sound/skilleffect/lei/lei1.wav	
1000089	友軍光環	戰場中給予友方武將增加12%生命					40	2	1			1			1			1	3		0.12	
1000090	死亡反撲	自己死亡時敵方所有成員受到1次200%攻擊傷害的斬殺					4	2	2			1			1			6			2		3		1		Ani_Lightning		sound/skilleffect/dao/dao1.wav	
1000091	超級反撲	自己生命低於30%時，對所有敵人造成一次150%基礎傷害斬殺					4	2	2			1			1			6			1.5		1		4	0.3	Ani_Lightning		sound/skilleffect/dao/dao1.wav	
1000092	洛神凜冬	自己生命低於40%時，冰凍所有敵方成員3秒					4	2	2			1			1	180	180	8						1	4	0.4	Ani_ice		sound/skilleffect/bing/bin1.wav	
1000093	法術天賦	戰場中提升自己45%法術					9	1	1			1			1			1	4		0.45	
1000094	攻擊天賦	戰場中提升自己45%攻擊					9	1	1			1			1			1	1		0.45	
1000095	生命天賦	戰場中提升自己45%生命					9	1	1			1			1			1	3		0.45	
1000096	武力極致	戰場中提升100%攻擊，持續15秒					9	1	1			1			1	900	900	2	1		1			1	
1000097	友人光環	戰場中給予友方武將增加12%法術					40	2	1			1			1			1	4		0.12	
1000098	友方光環	戰場中給予友方武將增加12%生命					40	2	1			1			1			1	3		0.12	
1000099	絕對防禦	開戰後已方所有單位減少20%傷害持續15秒					4	2	1			1			1	900	900	4		6	0.2	
1000100	暴傷強化	戰場中暴擊傷害提升100%					9	1	1			1			1			1	11												1	
1000101	智力極致	戰場中提升100%法術，持續15秒					9	1	1			1			1	900	900	2	4		1			1	
1000102	生存之道	攻擊敵人將回復攻擊數值20%的血量					9	1	1			1			1			3		1	0.2	
1000103	兵強將猛	我方所有士兵生命提升30%	0.3				8	2	1			1			1	
1000104	攻擊增益	戰場中給予友方武將增加12%攻擊					40	2	2			1			1			1	1		0.12	
1000105	嗜血成性	攻擊敵人將回復攻擊數值15%的血量					9	1	1			1			1			3		1	0.15	
1000106	法術治療	戰場中每秒回復自己法術數值8%的血量					9	1	1			1			1	60	6000	7			0.08			1	
1000107	背水一戰	自己生命低於30%時，自己攻擊提升200%持續8秒					9	1	1			1			1	480	480	2	1		2			1	4	0.3	
1000108	士兵免傷	我方所有士兵受到傷害減少10%					8	2	1			1			1			3		6	0.1	
1000109	士兵狂暴	自己生命低於20%時，已方所有士兵提升100%攻擊，持續5秒					8	2	1			1			1	300	300	2	1		1			1	4	0.2	
1000110	堅韌士兵	我方所有士兵生命提升30%	0.3				8		1	
1000111	枯木萌芽	自己生命低於30%時，每秒回復自己70%法術血量，持續5秒					9	1	1			1			1	60	300	7			0.7			1	4	0.3	Ani_greenLight		sound/skilleffect/huixue/huixue.wav	
1000112	生命戰歌	戰場中提升自己15000點生命					9	1	1			1			1			1	3			15000	
1000113	枯木逢春	自己生命低於10%時，每秒回復自己100%法術血量，持續5秒					9	1	1			1			1	60	300	7			1			1	4	0.1	Ani_greenLight		sound/skilleffect/huixue/huixue.wav	
1000114	法防庇護	戰場中給已方所有武將增加30%法術防禦					40	2	1			1			1			1	5		0.3	
1000115	傷口癒合	自己生命低於50%時恢復所有友軍200%法術數值的血量					4	2	1			1			1			7			2				4	0.5	Ani_greenLight		sound/skilleffect/huixue/huixue.wav	
1000116	超級無敵	友軍每死亡1位武將自己所受傷害降低40%					9	1	1			1			1			3		6	0.4				2	
1000117	八卦大陣	戰場中已方所有單位減免1200點最終所受傷害					4	2	1			1			1			3		6		1200	
1000118	降敵法術	戰場中減少敵人30%法術					4	2	2			1			1			1	4		-0.3	
1000119	降敵攻擊	戰場中減少敵人30%攻擊					4	2	2			1			1			1	1		-0.3	
1000120	堅韌不屈	戰場中提升已方武將6000點生命					40	2	1			1			1			1	3			6000	
1000121	洛神降臨	戰場中提升已方武將20%法術					40	2	1			1			1			1	4		0.2	
1000122	庇護天賦	自己生命低於20%時，減少已方武將所受傷害的60%，持續5秒					40	2	1			1			1	300	300	4		6	0.6			1	4	0.2	
1000123	天下智者	自己生命低於20%時，提升自己200%法術，持續5秒					9	1	1			1			1	300	300	2	4		2			1	4	0.2	
1000124	鬼才秘法	戰場中提升已方所有友軍30%法術					4	2	1			1			1			1	4		0.3	
1000125	鬼才秘攻	戰場中提升已方所有友軍30%攻擊					4	2	1			1			1			1	1		0.3	
1000126	鬼才滅世	自己死亡時敵方所有成員受到1次300%法術傷害的雷擊					4	2	2			1			1			6			3		2		1		Ani_dian		sound/skilleffect/lei/lei1.wav	
1000127	誰能擋我	戰場中提升自己50000生命					9	1	1			1			1			1	3			50000	
1000128	復活重生	自己生命低於10%時，回復自己1000%法術血量					9	1	1			1			1			7			10				4	0.1	Ani_greenLight		sound/skilleffect/huixue/huixue.wav	
1000129	仙術大師	戰場中減少敵人35%法術防禦					4	2	2			1			1			1	5		-0.35	
1000130	仙法療傷	自己死亡時，每秒回復已方武將70%法術血量，持續7秒					40	2	1			1			1	60	420	7			0.7			1	1		Ani_greenLight		sound/skilleffect/huixue/huixue.wav	
1000131	生存大道	攻擊敵人將回復攻擊數值35%的血量					9	1	1			1			1			3		1	0.35	
1000132	攻擊提高	我方所有士兵攻擊提升30%		0.3			8		1	
1000133	法術提高	我方所有士兵法術提升30%			0.3		8		1	
1000134	死亡凋零	自己死亡時，敵方所有成員受到自己損失血量80%傷害					4	2	2			1			1			6			0.8		8		1		Ani_dian		sound/skilleffect/lei/lei1.wav	
1000135	祈禱庇護	開戰後已方所有單位減少15%傷害持續30秒					4	2	1			1			1	1800	1800	4		6	0.15			1	
1000136	全軍回復	自己生命低於20%時恢復所有友軍500%法術數值的血量					4	2	1			1			1			7			5				4	0.2	Ani_greenLight		sound/skilleffect/huixue/huixue.wav	
1000137	攻擊光環	戰場中提升已方武將20%攻擊					40	2	1			1			1			1	1		0.2	
1000138	攻擊免疫	自己生命低於40%時，自己減少100%攻擊傷害，持續6秒					9	1	1			1			1	360	360	4		6	1			1	4	0.4	
1000139	法術吸血	戰場中每秒回復自己法術數值15%的血量					9	1	1			1			1	60	6000	7			0.15			1	
1000140	堅韌庇護	自己生命低於50%時，減少50%所受傷害，持續20秒					9	1	1			1			1	1200	1200	4		6	0.5			1	4	0.5	
1000141	無雙光環	戰場中提升已方所有單位45%攻擊					4	2	1			1			1			1	1		0.45	
1000142	天下無雙	自己死亡時敵方所有成員受到1次300%攻擊傷害的斬殺					4	2	2			1			1			6			3		3		1		Ani_Lightning		sound/skilleffect/dao/dao1.wav	
1000143	仙術庇護	自己生命低於50%時，減少已方所有士兵60%傷害，持續8秒					8	2	1			1			1	480	480	4		6	0.6			1	4	0.5	
1000144	庇護光環	戰場中減少已方武將20%攻擊傷害					40	2	1			1			1			1	12		0.2	
1000145	用兵之道	戰場中提升已方所有友軍60%法術防禦					4	2	1			1			1			1	5		0.6	
1000146	士兵狂化	自己生命低於20%時，已方所有士兵提升150%攻擊，持續5秒					8	2	1			1			1	300	300	2	1		1.5			1	4	0.2	
