小关卡id	小关卡标题	小关卡对话	每日最多	前置完成关卡	等级限制	每次扣除体力	武魂	铜钱奖励	未过回复次数	奖励道具	士兵分布图	主将ID	主将等级	主将阶级	副将1ID	副将1等级	副将1阶级	副将2ID	副将2等级	副将2阶级	步兵1ID	步兵1等级	骑兵2ID	骑兵2等级	弓兵3ID	弓兵3等级	士兵数量等级	特殊增益比例	精英副本增益比例	未过返还体力	主角经验Exp	公会掉落	空行
1	第一關	1	99	0	1,999	5	20	100	1	1,1,1,100,1,29,4,1,50,1,43,4,1,35,1,14,1,1,100,2,118,5,1,25,2,36,4,1,8,2,4,4,1,30,2,29,4,1,100,2,43,4,1,35,2	01-01.tmx	90001	4	1	1	4	1		4	1	1101	1	2101	1	3101	1	1	0	0.3	5	200		
2	第二關	2	99	1,1	1,999	5	20	110	1	2,1,1,100,1,28,4,1,50,1,43,4,1,35,1,15,1,1,100,2,118,5,1,25,2,36,4,1,8,2,4,4,1,30,2,28,4,1,100,2,43,4,1,35,2	01-02.tmx	13	5	1	2	5	1		5	1	1101	1	2101	1	3101	1	1	0	0.3	5	260		
3	第三關	3	99	1,2	1,999	5	20	120	1	3,1,1,100,1,12,4,1,50,1,43,4,1,35,1,16,1,1,100,2,118,5,1,25,2,36,4,1,8,2,4,4,1,30,2,12,4,1,100,2,43,4,1,35,2	01-03.tmx	5	6	1	3	6	1		6	1	1101	1	2101	1	3101	1	1	0	0.3	5	280		
4	第四關	0	99	1,3	1,999	5	20	130	1	4,1,1,100,1,17,1,1,80,1,29,4,1,50,1,43,4,1,35,1,17,1,1,100,2,118,5,1,25,2,36,4,1,8,2,4,4,1,30,2,29,4,1,100,2,43,4,1,35,2	01-04.tmx	90001	7	1	4	7	1		7	1	1101	1	2101	1	3101	1	1	0	0.3	5	300		
5	第五關	5	99	1,4	1,999	5	20	140	1	5,1,1,100,1,18,1,1,80,1,28,4,1,50,1,43,4,1,35,1,18,1,1,100,2,118,5,1,25,2,36,4,1,8,2,4,4,1,30,2,28,4,1,100,2,43,4,1,35,2	01-05.tmx	90003	11	1	5	11	1		11	1	1101	1	2101	1	3101	1	1	0	0.3	5	500		
6	第六關	6	99	1,5	1,999	5	20	150	1	6,1,1,100,1,19,1,1,80,1,12,4,1,50,1,43,4,1,35,1,19,1,1,100,2,118,5,1,25,2,36,4,1,8,2,4,4,1,30,2,12,4,1,100,2,43,4,1,35,2	01-06.tmx	90004	19	1	6	19	1		19	1	1101	1	2101	1	3101	1	1	0	0.3	5	350		
7	第七關	7	99	1,6	1,999	5	20	160	1	7,1,1,100,1,20,1,1,80,1,29,4,1,50,1,43,4,1,35,1,20,1,1,100,2,118,5,1,25,2,36,4,1,8,2,4,4,1,30,2,29,4,1,100,2,43,4,1,35,2	01-07.tmx	6	26	1	7	26	1		26	1	1101	1	2101	1	3101	1	1	0	0.3	5	360		
8	第八關	0	99	1,7	1,999	5	20	170	1	8,1,1,100,1,21,1,1,80,1,28,4,1,50,1,43,4,1,35,1,21,1,1,100,2,118,5,1,25,2,36,4,1,8,2,4,4,1,30,2,28,4,1,100,2,43,4,1,35,2	01-08.tmx	6	41	1	8	41	1		41	1	1101	1	2101	1	3101	1	1	0	0.3	5	380		
9	第九關	8	99	1,8	1,999	5	20	180	1	9,1,1,100,1,22,1,1,80,1,12,4,1,50,1,43,4,1,35,1,22,1,1,100,2,118,5,1,25,2,36,4,1,8,2,4,4,1,30,2,12,4,1,100,2,43,4,1,35,2	01-09.tmx	90005	30	1	9	30	1		30	1	1101	1	2101	1	3101	1	1	0	0.3	5	400		
10	第十關	9,10	99	1,9	1,999	5	20	190	1	10,1,1,100,1,23,1,1,80,1,29,4,1,50,1,43,4,1,35,1,23,1,1,100,2,118,5,1,25,2,36,4,1,8,2,4,4,1,30,2,29,4,1,100,2,43,4,1,35,2	01-10.tmx	90006	20	2	10	20	2	11	20	2	1101	1	2101	1	3101	1	1	0	0.3	5	600		
11	第一關	11	99	1,10	1,999	5	23	200	1	11,1,1,100,1,24,1,1,80,1,28,4,1,50,1,43,4,1,35,1,24,1,1,100,2,114,5,1,25,2,36,4,1,8,2,4,4,1,30,2,28,4,1,100,2,43,4,1,35,2	02-01.tmx	8	44	2	11	44	2	12	44	2	1101	1	2101	1	3101	1	1	0	0.3	5	410		
12	第二關	0	99	2,1	1,999	5	23	210	1	12,1,1,100,1,25,1,1,80,1,12,4,1,50,1,43,4,1,35,1,25,1,1,100,2,114,5,1,25,2,36,4,1,8,2,4,4,1,30,2,12,4,1,100,2,43,4,1,35,2	02-02.tmx	11	44	2	12	44	2	13	44	2	1101	1	2101	1	3101	1	1	0	0.3	5	420		
13	第三關	12	99	2,2	1,999	5	23	220	1	12,1,1,100,1,26,1,1,80,1,29,4,1,50,1,43,4,1,35,1,26,1,1,100,2,114,5,1,25,2,36,4,1,8,2,4,4,1,30,2,29,4,1,100,2,43,4,1,35,2	02-03.tmx	90008	36	2	13	36	2	1	36	2	1101	1	2101	1	3101	1	1	0	0.3	5	430		
14	第四關	0	99	2,3	1,999	5	23	230	1	1,1,1,100,1,27,1,1,80,1,28,4,1,50,1,43,4,1,35,1,27,1,1,100,2,114,5,1,25,2,36,4,1,8,2,4,4,1,30,2,28,4,1,100,2,43,4,1,35,2	02-04.tmx	5	37	2	1	37	2	2	37	2	1101	1	2101	1	3101	1	1	0	0.3	5	440		
15	第五關	14	99	2,4	1,999	5	23	240	1	2,1,1,100,1,28,1,1,80,1,12,4,1,50,1,43,4,1,35,1,28,1,1,100,2,114,5,1,25,2,36,4,1,8,2,4,4,1,30,2,12,4,1,100,2,43,4,1,35,2	02-05.tmx	90009	57	2	2	57	2	3	57	2	1101	1	2101	1	3101	1	1	0	0.3	5	500		
16	第六關	0	99	2,5	1,999	5	23	250	1	3,1,1,100,1,29,1,1,80,1,29,4,1,50,1,43,4,1,35,1,29,1,1,100,2,114,5,1,25,2,36,4,1,8,2,4,4,1,30,2,29,4,1,100,2,43,4,1,35,2	02-06.tmx	1	61	2	3	61	2	4	61	2	1101	2	2101	2	3101	2	1	0	0.3	5	460		
17	第七關	15	99	2,6	1,999	5	23	260	1	4,1,1,100,1,30,1,1,80,1,28,4,1,50,1,43,4,1,35,1,30,1,1,100,2,114,5,1,25,2,36,4,1,8,2,4,4,1,30,2,28,4,1,100,2,43,4,1,35,2	02-07.tmx	7	45	2	4	45	2	5	45	2	1101	2	2101	2	3101	2	1	0	0.3	5	485		
18	第八關	0	99	2,7	1,999	5	23	270	1	5,1,1,100,1,31,1,1,80,1,12,4,1,50,1,43,4,1,35,1,31,1,1,100,2,114,5,1,25,2,36,4,1,8,2,4,4,1,30,2,12,4,1,100,2,43,4,1,35,2	02-08.tmx	2	52	2	5	52	2	6	52	2	1101	2	2101	2	3101	2	1	0	0.3	5	500		
19	第九關	16	99	2,8	1,999	5	23	280	1	6,1,1,100,1,14,1,1,80,1,29,4,1,50,1,43,4,1,35,1,14,1,1,100,2,114,5,1,25,2,36,4,1,8,2,4,4,1,30,2,29,4,1,100,2,43,4,1,35,2	02-09.tmx	90010	61	2	6	61	2	7	61	2	1101	2	2101	2	3101	2	1	0	0.3	5	520		
20	第十關	17,18	99	2,9	1,999	5	23	290	1	7,1,1,100,1,15,1,1,80,1,28,4,1,50,1,43,4,1,35,1,15,1,1,100,2,114,5,1,25,2,36,4,1,8,2,4,4,1,30,2,28,4,1,100,2,43,4,1,35,2	02-10.tmx	90011	53	3	7	53	3	1	53	3	1101	3	2101	3	3101	3	1	0	0.3	5	540		
21	第一關	19	99	2,10	1,999	5	26	300	1	8,1,1,100,1,16,1,1,80,1,12,4,1,50,1,43,4,1,35,1,16,1,1,100,2,135,5,1,25,2,36,4,1,8,2,4,4,1,30,2,12,4,1,100,2,43,4,1,35,2	03-01.tmx	14	69	3	14	69	3	15	69	3	1101	3	2101	3	3101	3	1	0	0.3	5	550		
22	第二關	20	99	3,1	1,999	5	26	310	1	9,1,1,100,1,17,1,1,80,1,29,4,1,50,1,43,4,1,35,1,17,1,1,100,2,135,5,1,25,2,36,4,1,8,2,4,4,1,30,2,29,4,1,100,2,43,4,1,35,2	03-02.tmx	90012	60	3	15	60	3	16	60	3	1101	3	2101	3	3101	3	11	0	0.3	5	560		
23	第三關	0	99	3,2	1,999	5	26	320	1	10,1,1,100,1,18,1,1,80,1,28,4,1,50,1,43,4,1,35,1,18,1,1,100,2,135,5,1,25,2,36,4,1,8,2,4,4,1,30,2,28,4,1,100,2,43,4,1,35,2	03-03.tmx	31	54	3	16	54	3	17	54	3	1101	3	2101	3	3101	3	11	0	0.3	5	580		
24	第四關	0	99	3,3	1,999	5	26	330	1	11,1,1,100,1,19,1,1,80,1,12,4,1,50,1,43,4,1,35,1,19,1,1,100,2,135,5,1,25,2,36,4,1,8,2,4,4,1,30,2,12,4,1,100,2,43,4,1,35,2	03-04.tmx	29	57	3	17	57	3	18	57	3	1101	3	2101	3	3101	3	11	0	0.3	5	600		
25	第五關	21,22	99	3,4	1,999	5	26	340	1	12,1,1,100,1,20,1,1,80,1,29,4,1,50,1,43,4,1,35,1,20,1,1,100,2,135,5,1,25,2,36,4,1,8,2,4,4,1,30,2,29,4,1,100,2,43,4,1,35,2	03-05.tmx	90012	67	3	18	67	3	19	67	3	1101	3	2101	3	3101	3	11	0	0.3	5	620		
26	第六關	0	99	3,5	1,999	5	26	350	1	13,1,1,100,1,21,1,1,80,1,28,4,1,50,1,43,4,1,35,1,21,1,1,100,2,135,5,1,25,2,36,4,1,8,2,4,4,1,30,2,28,4,1,100,2,43,4,1,35,2	03-06.tmx	14	91	3	19	91	3	20	91	3	1101	4	2101	4	3101	4	11	0	0.3	5	640		
27	第七關	23	99	3,6	1,999	5	26	360	1	1,1,1,100,1,22,1,1,80,1,12,4,1,50,1,43,4,1,35,1,22,1,1,100,2,135,5,1,25,2,36,4,1,8,2,4,4,1,30,2,12,4,1,100,2,43,4,1,35,2	03-07.tmx	19	85	3	20	85	3	21	85	3	1101	4	2101	4	3101	4	11	0	0.3	5	660		
28	第八關	0	99	3,7	1,999	5	26	370	1	1,1,1,100,1,23,1,1,80,1,29,4,1,50,1,43,4,1,35,1,23,1,1,100,2,135,5,1,25,2,36,4,1,8,2,4,4,1,30,2,29,4,1,100,2,43,4,1,35,2	03-08.tmx	24	86	3	21	86	3	22	86	3	1101	4	2101	4	3101	4	11	0	0.3	5	680		
29	第九關	24	99	3,8	1,999	5	26	380	1	3,1,1,100,1,24,1,1,80,1,28,4,1,50,1,43,4,1,35,1,24,1,1,100,2,135,5,1,25,2,36,4,1,8,2,4,4,1,30,2,28,4,1,100,2,43,4,1,35,2	03-09.tmx	28	94	3	22	94	3	23	94	3	1101	4	2101	4	3101	4	11	0	0.3	5	700		
30	第十關	25,26	99	3,9	1,999	5	26	390	1	4,1,1,100,1,25,1,1,80,1,12,4,1,50,1,43,4,1,35,1,25,1,1,100,2,135,5,1,25,2,36,4,1,8,2,4,4,1,30,2,12,4,1,100,2,43,4,1,35,2	03-10.tmx	42	62	4	23	62	4	24	62	4	1101	4	2101	4	3101	4	11	0	0.3	5	720		
31	第一關	27	99	3,10	1,999	5	29	400	1	5,1,1,100,1,26,1,1,80,1,29,4,1,50,1,43,4,1,35,1,26,1,1,100,2,138,5,1,25,2,36,4,1,8,2,4,4,1,30,2,29,4,1,100,2,43,4,1,35,2	04-01.tmx	59	61	4	24	61	4	25	61	4	1101	4	2101	4	3101	4	20	0	0.3	5	740		
32	第二關	0	99	4,1	1,999	5	29	410	1	6,1,1,100,1,27,1,1,80,1,28,4,1,50,1,43,4,1,35,1,27,1,1,100,2,138,5,1,25,2,36,4,1,8,2,4,4,1,30,2,28,4,1,100,2,43,4,1,35,2	04-02.tmx	67	60	4	25	60	4	26	60	4	1101	4	2101	4	3101	4	20	0	0.3	5	760		
33	第三關	28	99	4,2	1,999	5	29	420	1	7,1,1,100,1,28,1,1,80,1,12,4,1,50,1,43,4,1,35,1,28,1,1,100,2,138,5,1,25,2,36,4,1,8,2,4,4,1,30,2,12,4,1,100,2,43,4,1,35,2	04-03.tmx	32	91	4	26	91	4	27	91	4	1101	4	2101	4	3101	4	20	0	0.3	5	780		
34	第四關	0	99	4,3	1,999	5	29	430	1	8,1,1,100,1,29,1,1,80,1,29,4,1,50,1,43,4,1,35,1,29,1,1,100,2,138,5,1,25,2,36,4,1,8,2,4,4,1,30,2,29,4,1,100,2,43,4,1,35,2	04-04.tmx	34	91	4	27	91	4	28	91	4	1101	4	2101	4	3101	4	20	0	0.3	5	800		
35	第五關	29,30	99	4,4	1,999	5	29	440	1	9,1,1,100,1,30,1,1,80,1,28,4,1,50,1,43,4,1,35,1,30,1,1,100,2,138,5,1,25,2,36,4,1,8,2,4,4,1,30,2,28,4,1,100,2,43,4,1,35,2	04-05.tmx	32	100	4	28	100	4	29	100	4	1101	4	2101	4	3101	4	20	0	0.3	5	820		
36	第六關	0	99	4,5	1,999	5	29	450	1	10,1,1,100,1,31,1,1,80,1,12,4,1,50,1,43,4,1,35,1,31,1,1,100,2,138,5,1,25,2,36,4,1,8,2,4,4,1,30,2,12,4,1,100,2,43,4,1,35,2	04-06.tmx	62	87	4	29	87	4	30	87	4	1101	5	2101	5	3101	5	20	0	0.3	5	840		
37	第七關	31,32	99	4,6	1,999	5	29	460	1	11,1,1,100,1,14,1,1,80,1,29,4,1,50,1,43,4,1,35,1,14,1,1,100,2,138,5,1,25,2,36,4,1,8,2,4,4,1,30,2,29,4,1,100,2,43,4,1,35,2	04-07.tmx	32	105	4	30	105	4	31	105	4	1101	5	2101	5	3101	5	20	0	0.3	5	860		
38	第八關	0	99	4,7	1,999	5	29	470	1	12,1,1,100,1,15,1,1,80,1,28,4,1,50,1,43,4,1,35,1,15,1,1,100,2,138,5,1,25,2,36,4,1,8,2,4,4,1,30,2,28,4,1,100,2,43,4,1,35,2	04-08.tmx	58	98	4	31	98	4	14	98	4	1101	5	2101	5	3101	5	20	0	0.3	5	880		
39	第九關	33	99	4,8	1,999	5	29	480	1	13,1,1,100,1,16,1,1,80,1,12,4,1,50,1,43,4,1,35,1,16,1,1,100,2,138,5,1,25,2,36,4,1,8,2,4,4,1,30,2,12,4,1,100,2,43,4,1,35,2	04-09.tmx	58	79	4	62	79	4	15	79	4	1101	5	2101	5	3101	5	20	0	0.3	5	900		
40	第十關	34,35	99	4,9	1,999	5	29	490	1	1,1,1,100,1,17,1,1,80,1,29,4,1,50,1,43,4,1,35,1,17,1,1,100,2,138,5,1,25,2,36,4,1,8,2,4,4,1,30,2,29,4,1,100,2,43,4,1,35,2	04-10.tmx	85	45	5	58	45	5	67	45	5	1101	5	2101	5	3101	5	20	0	0.3	5	920		
41	第一關	36	99	4,10	1,999	5	32	500	1	2,1,1,100,1,18,1,1,80,1,28,4,1,50,1,43,4,1,35,1,18,1,1,100,2,116,5,1,25,2,37,4,1,8,2,4,4,1,30,2,28,4,1,100,2,43,4,1,35,2	05-01.tmx	65	72	5	32	72	5	33	72	5	1101	5	2101	5	3101	5	20	0	0.3	5	940		
42	第二關	0	99	5,1	1,999	5	32	510	1	3,1,1,100,1,19,1,1,80,1,12,4,1,50,1,43,4,1,35,1,19,1,1,100,2,116,5,1,25,2,37,4,1,8,2,4,4,1,30,2,12,4,1,100,2,43,4,1,35,2	05-02.tmx	63	76	5	33	76	5	35	76	5	1101	5	2101	5	3101	5	20	0	0.3	5	960		
43	第三關	37	99	5,2	1,999	5	32	520	1	4,1,1,100,1,20,1,1,80,1,29,4,1,50,1,43,4,1,35,1,20,1,1,100,2,116,5,1,25,2,37,4,1,8,2,4,4,1,30,2,29,4,1,100,2,43,4,1,35,2	05-03.tmx	57	75	6	34	75	6	35	75	6	1101	5	2101	5	3101	5	20	0	0.3	5	980		
44	第四關	0	99	5,3	1,999	5	32	530	1	5,1,1,100,1,21,1,1,80,1,28,4,1,50,1,43,4,1,35,1,21,1,1,100,2,116,5,1,25,2,37,4,1,8,2,4,4,1,30,2,28,4,1,100,2,43,4,1,35,2	05-04.tmx	60	69	6	35	69	6	36	69	6	1101	6	2101	6	3101	6	20	0	0.3	5	1005		
45	第五關	38,39	99	5,4	1,999	5	32	540	1	6,1,1,100,1,22,1,1,80,1,12,4,1,50,1,43,4,1,35,1,47,4,1,60,2,116,5,1,25,2,37,4,1,8,2,4,4,1,30,2,12,4,1,100,2,43,4,1,35,2	05-05.tmx	57	72	6	36	72	6	37	72	6	1101	6	2101	6	3101	6	20	0	0.3	5	1040		
46	第六關	40	99	5,5	1,999	5	32	550	1	7,1,1,100,1,23,1,1,80,1,29,4,1,50,1,43,4,1,35,1,23,1,1,100,2,116,5,1,25,2,37,4,1,8,2,4,4,1,30,2,29,4,1,100,2,43,4,1,35,2	05-06.tmx	55	74	6	37	74	6	38	74	6	1101	6	2101	6	3101	6	20	0	0.3	5	1075		
47	第七關	0	99	5,6	1,999	5	32	560	1	8,1,1,100,1,24,1,1,80,1,28,4,1,50,1,43,4,1,35,1,24,1,1,100,2,116,5,1,25,2,37,4,1,8,2,4,4,1,30,2,28,4,1,100,2,43,4,1,35,2	05-07.tmx	69	79	6	38	79	6	39	79	6	1101	6	2101	6	3101	6	20	0	0.3	5	1110		
48	第八關	41	99	5,7	1,999	5	32	570	1	9,1,1,100,1,25,1,1,80,1,12,4,1,50,1,43,4,1,35,1,25,1,1,100,2,116,5,1,25,2,37,4,1,8,2,4,4,1,30,2,12,4,1,100,2,43,4,1,35,2	05-08.tmx	68	75	6	39	75	6	40	75	6	1101	6	2101	6	3101	6	20	0	0.3	5	1145		
49	第九關	0	99	5,8	1,999	5	32	580	1	10,1,1,100,1,26,1,1,80,1,29,4,1,50,1,43,4,1,35,1,26,1,1,100,2,116,5,1,25,2,37,4,1,8,2,4,4,1,30,2,29,4,1,100,2,43,4,1,35,2	05-09.tmx	41	67	6	55	67	6	63	67	6	1101	6	2101	6	3101	6	20	0	0.3	5	1180		
50	第十關	42,43	99	5,9	1,999	5	32	590	1	11,1,1,100,1,27,1,1,80,1,28,4,1,50,1,43,4,1,35,1,48,4,1,60,2,116,5,1,25,2,37,4,1,8,2,4,4,1,30,2,28,4,1,100,2,43,4,1,35,2	05-10.tmx	88	67	6	41	67	6	42	67	6	1101	7	2101	7	3101	7	20	0	0.3	5	1215		
51	第一關	44	99	5,10	1,999	5	35	600	1	11,1,1,100,1,28,1,1,80,1,12,4,1,50,1,43,4,1,35,1,28,1,1,100,2,117,5,1,30,2,37,4,1,8,2,4,4,1,30,2,12,4,1,100,2,43,4,1,35,2	06-01.tmx	81	63	7	42	63	7	43	63	7	1101	7	2101	7	3101	7	20	0	0.3	5	1250		
52	第二關	45	99	6,1	1,999	5	35	610	1	13,1,1,100,1,29,1,1,80,1,29,4,1,50,1,43,4,1,35,1,29,1,1,100,2,117,5,1,30,2,37,4,1,8,2,4,4,1,30,2,29,4,1,100,2,43,4,1,35,2	06-02.tmx	104	64	7	43	64	7	44	64	7	1101	7	2101	7	3101	7	20	0	0.3	5	1285		
53	第三關	0	99	6,2	1,999	5	35	620	1	1,1,1,100,1,30,1,1,80,1,28,4,1,50,1,43,4,1,35,1,30,1,1,100,2,117,5,1,30,2,37,4,1,8,2,4,4,1,30,2,28,4,1,100,2,43,4,1,35,2	06-03.tmx	112	67	7	44	67	7	45	67	7	1101	7	2101	7	3101	7	20	0	0.3	5	1320		
54	第四關	0	99	6,3	1,999	5	35	630	1	2,1,1,100,1,31,1,1,80,1,12,4,1,50,1,43,4,1,35,1,31,1,1,100,2,117,5,1,30,2,37,4,1,8,2,4,4,1,30,2,12,4,1,100,2,43,4,1,35,2	06-04.tmx	107	74	7	45	74	7	46	74	7	1101	7	2101	7	3101	7	20	0	0.3	5	1355		
55	第五關	46,47	99	6,4	1,999	5	35	640	1	3,1,1,100,1,14,1,1,80,1,29,4,1,50,1,43,4,1,35,1,47,4,1,60,2,117,5,1,30,2,37,4,1,8,2,4,4,1,30,2,29,4,1,100,2,43,4,1,35,2	06-05.tmx	81	88	7	46	88	7	32	88	7	1101	7	2101	7	3101	7	20	0	0.3	5	1390		
56	第六關	0	99	6,5	1,999	5	35	650	1	4,1,1,100,1,15,1,1,80,1,28,4,1,50,1,43,4,1,35,1,15,1,1,100,2,117,5,1,30,2,37,4,1,8,2,4,4,1,30,2,28,4,1,100,2,43,4,1,35,2	06-06.tmx	107	107	7	32	107	7	33	107	7	1101	8	2101	8	3101	8	20	0	0.3	5	1425		
57	第七關	48	99	6,6	1,999	5	35	660	1	5,1,1,100,1,16,1,1,80,1,12,4,1,50,1,43,4,1,35,1,16,1,1,100,2,117,5,1,30,2,37,4,1,8,2,4,4,1,30,2,12,4,1,100,2,43,4,1,35,2	06-07.tmx	112	108	7	33	108	7	34	108	7	1101	8	2101	8	3101	8	20	0	0.3	5	1460		
58	第八關	0	99	6,7	1,999	5	35	670	1	6,1,1,100,1,17,1,1,80,1,29,4,1,50,1,43,4,1,35,1,17,1,1,100,2,117,5,1,30,2,37,4,1,8,2,4,4,1,30,2,29,4,1,100,2,43,4,1,35,2	06-08.tmx	104	109	7	34	109	7	35	109	7	1101	8	2101	8	3101	8	20	0	0.3	5	1495		
59	第九關	49	99	6,8	1,999	5	35	680	1	7,1,1,100,1,18,1,1,80,1,28,4,1,50,1,43,4,1,35,1,18,1,1,100,2,117,5,1,30,2,37,4,1,8,2,4,4,1,30,2,28,4,1,100,2,43,4,1,35,2	06-09.tmx	81	86	8	43	86	8	36	86	8	1101	8	2101	8	3101	8	20	0	0.3	5	1530		
60	第十關	50,51	99	6,9	1,999	5	35	690	1	8,1,1,100,1,19,1,1,80,1,12,4,1,50,1,43,4,1,35,1,48,4,1,60,2,117,5,1,30,2,37,4,1,8,2,4,4,1,30,2,12,4,1,100,2,43,4,1,35,2	06-10.tmx	88	92	8	104	92	8	90013	92	8	1101	8	2101	8	3101	8	20	0	0.3	5	1565		
61	第一關	52	99	6,10	1,999	5	38	700	1	8,1,1,100,1,20,1,1,80,1,29,4,1,50,1,43,4,1,35,1,20,1,1,100,2,124,5,1,30,2,37,4,1,8,2,4,4,1,30,2,29,4,1,100,2,43,4,1,35,2	07-01.tmx	98	101	8	40	101	8	38	101	8	1101	8	2101	8	3101	8	20	0	0.3	5	1600	42,4,1,100,38,4,1,100,73,4,2,100,50,4,1,100	
62	第二關	0	99	7,1	1,999	5	38	710	1	9,1,1,100,1,21,1,1,80,1,28,4,1,50,1,43,4,1,35,1,21,1,1,100,2,124,5,1,30,2,37,4,1,8,2,4,4,1,30,2,28,4,1,100,2,43,4,1,35,2	07-02.tmx	82	119	8	38	119	8	39	119	8	1101	9	2101	9	3101	9	20	0	0.3	5	1635	42,4,1,100,38,4,1,100,73,4,2,100,50,4,1,100	
63	第三關	53	99	7,2	1,999	5	38	720	1	11,1,1,100,1,22,1,1,80,1,12,4,1,50,1,43,4,1,35,1,22,1,1,100,2,124,5,1,30,2,37,4,1,8,2,4,4,1,30,2,12,4,1,100,2,43,4,1,35,2	07-03.tmx	89	112	8	39	112	8	40	112	8	1101	9	2101	9	3101	9	20	0	0.3	5	1670	42,4,1,100,38,4,1,100,73,4,2,100,50,4,1,100	
64	第四關	54	99	7,3	1,999	5	38	730	1	12,1,1,100,1,23,1,1,80,1,29,4,1,50,1,43,4,1,35,1,23,1,1,100,2,124,5,1,30,2,37,4,1,8,2,4,4,1,30,2,29,4,1,100,2,43,4,1,35,2	07-04.tmx	48	106	8	98	106	8	41	106	8	1101	9	2101	9	3101	9	20	0	0.3	5	1705	42,4,1,100,38,4,1,100,73,4,2,100,50,4,1,100	
65	第五關	55,56	99	7,4	1,999	5	38	740	1	12,1,1,100,1,24,1,1,80,1,28,4,1,50,1,43,4,1,35,1,47,4,1,60,2,124,5,1,30,2,37,4,1,8,2,4,4,1,30,2,28,4,1,100,2,43,4,1,35,2	07-05.tmx	92	107	8	45	107	8	42	107	8	1101	9	2101	9	3101	9	20	0	0.3	5	1740	42,4,1,100,38,4,1,100,73,4,2,100,50,4,1,100	
66	第六關	57	99	7,5	1,999	5	38	750	1	1,1,1,100,1,25,1,1,80,1,12,4,1,50,1,43,4,1,35,1,25,1,1,100,2,124,5,1,30,2,37,4,1,8,2,4,4,1,30,2,12,4,1,100,2,43,4,1,35,2	07-06.tmx	106	101	8	60	101	8	43	101	8	1101	9	2101	9	3101	9	20	0	0.3	5	1775	42,4,1,100,38,4,1,100,73,4,2,100,50,4,1,100	
67	第七關	0	99	7,6	1,999	5	38	760	1	2,1,1,100,1,26,1,1,80,1,29,4,1,50,1,43,4,1,35,1,26,1,1,100,2,124,5,1,30,2,37,4,1,8,2,4,4,1,30,2,29,4,1,100,2,43,4,1,35,2	07-07.tmx	91	104	9	55	104	9	44	104	9	1101	9	2101	9	3101	9	20	0	0.3	5	1810	42,4,1,100,38,4,1,100,73,4,2,100,50,4,1,100	
68	第八關	58	99	7,7	1,999	5	38	770	1	3,1,1,100,1,27,1,1,80,1,28,4,1,50,1,43,4,1,35,1,27,1,1,100,2,124,5,1,30,2,37,4,1,8,2,4,4,1,30,2,28,4,1,100,2,43,4,1,35,2	07-08.tmx	92	104	9	44	104	9	45	104	9	1101	10	2101	10	3101	10	20	0	0.3	5	1845	42,4,1,100,38,4,1,100,73,4,2,100,50,4,1,100	
69	第九關	59	99	7,8	1,999	5	38	780	1	4,1,1,100,1,28,1,1,80,1,12,4,1,50,1,43,4,1,35,1,28,1,1,100,2,124,5,1,30,2,37,4,1,8,2,4,4,1,30,2,12,4,1,100,2,43,4,1,35,2	07-09.tmx	89	117	9	45	117	9	46	117	9	1101	10	2101	10	3101	10	20	0	0.3	5	1880	42,4,1,100,38,4,1,100,73,4,2,100,50,4,1,100	
70	第十關	60,61	99	7,9	1,999	5	38	790	1	5,1,1,100,1,29,1,1,80,1,29,4,1,50,1,43,4,1,35,1,48,4,1,60,2,124,5,1,30,2,37,4,1,8,2,4,4,1,30,2,29,4,1,100,2,43,4,1,35,2	07-10.tmx	93	111	9	89	111	9	46	111	9	1101	10	2101	10	3101	10	20	0	0.3	5	1915	42,4,1,100,38,4,1,100,73,4,2,100,50,4,1,100	
71	第一關	62	99	7,10	1,999	5	42	800	1	6,1,1,100,1,30,1,1,80,1,19,4,1,12,1,43,4,1,35,1,30,1,1,100,2,136,5,1,30,2,37,4,1,8,2,4,4,1,30,2,19,4,1,25,2,43,4,1,35,2	08-01.tmx	87	116	9	55	116	9	57	116	9	1102	1	2102	1	3102	1	20	0	0.3	5	1950	42,4,1,100,38,4,1,100,73,4,2,100,50,4,2,100	
72	第二關	63	99	8,1	1,999	5	42	810	1	7,1,1,100,1,31,1,1,80,1,25,4,1,12,1,43,4,1,35,1,31,1,1,100,2,136,5,1,30,2,37,4,1,8,2,4,4,1,30,2,25,4,1,25,2,43,4,1,35,2	08-02.tmx	97	112	9	60	112	9	43	112	9	1102	1	2102	1	3102	1	20	0	0.3	5	1985	42,4,1,100,38,4,1,100,73,4,2,100,50,4,2,100	
73	第三關	0	99	8,2	1,999	5	42	820	1	8,1,1,100,1,14,1,1,80,1,16,4,1,12,1,43,4,1,35,1,14,1,1,100,2,136,5,1,30,2,37,4,1,8,2,4,4,1,30,2,16,4,1,25,2,43,4,1,35,2	08-03.tmx	94	121	9	70	121	9	69	121	9	1102	1	2102	1	3102	1	20	0	0.3	5	2020	42,4,1,100,38,4,1,100,73,4,2,100,50,4,2,100	
74	第四關	0	99	8,3	1,999	5	42	830	1	9,1,1,100,1,15,1,1,80,1,19,4,1,12,1,43,4,1,35,1,15,1,1,100,2,136,5,1,30,2,37,4,1,8,2,4,4,1,30,2,19,4,1,25,2,43,4,1,35,2	08-04.tmx	108	119	10	47	119	10	64	119	10	1102	2	2102	2	3102	2	20	0	0.3	5	2055	42,4,1,100,38,4,1,100,73,4,2,100,50,4,2,100	
75	第五關	64,65	99	8,4	1,999	5	42	840	1	10,1,1,100,1,16,1,1,80,1,25,4,1,12,1,43,4,1,35,1,47,4,1,60,2,136,5,1,30,2,37,4,1,8,2,4,4,1,30,2,25,4,1,25,2,43,4,1,35,2	08-05.tmx	90	117	10	64	117	10	65	117	10	1102	2	2102	2	3102	2	20	0	0.3	5	2090	42,4,1,100,38,4,1,100,73,4,2,100,50,4,2,100	
76	第六關	0	99	8,5	1,999	5	42	850	1	10,1,1,100,1,17,1,1,80,1,19,4,1,12,1,43,4,1,35,1,17,1,1,100,2,136,5,1,30,2,37,4,1,8,2,4,4,1,30,2,16,4,1,25,2,43,4,1,35,2	08-06.tmx	97	117	10	65	117	10	66	117	10	1102	2	2102	2	3102	2	20	0	0.3	5	2125	42,4,1,100,38,4,1,100,73,4,2,100,50,4,2,100	
77	第七關	66	99	8,6	1,999	5	42	860	1	12,1,1,100,1,18,1,1,80,1,25,4,1,12,1,43,4,1,35,1,18,1,1,100,2,136,5,1,30,2,37,4,1,8,2,4,4,1,30,2,19,4,1,25,2,43,4,1,35,2	08-07.tmx	87	126	10	66	126	10	67	126	10	1102	2	2102	2	3102	2	20	0	0.3	5	2160	42,4,1,100,38,4,1,100,73,4,2,100,50,4,2,100	
78	第八關	67	99	8,7	1,999	5	42	870	1	13,1,1,100,1,19,1,1,80,1,16,4,1,12,1,43,4,1,35,1,19,1,1,100,2,136,5,1,30,2,37,4,1,8,2,4,4,1,30,2,25,4,1,25,2,43,4,1,35,2	08-08.tmx	108	137	10	55	137	10	40	137	10	1102	3	2102	3	3102	3	20	0	0.3	5	2195	42,4,1,100,38,4,1,100,73,4,2,100,50,4,2,100	
79	第九關	68	99	8,8	1,999	5	42	880	1	1,1,1,100,1,20,1,1,80,1,19,4,1,12,1,43,4,1,35,1,20,1,1,100,2,136,5,1,30,2,37,4,1,8,2,4,4,1,30,2,16,4,1,25,2,43,4,1,35,2	08-09.tmx	90	134	10	55	134	10	41	134	10	1102	3	2102	3	3102	3	20	0	0.3	5	2230	42,4,1,100,38,4,1,100,73,4,2,100,50,4,2,100	
80	第十關	69,70	99	8,9	1,999	5	42	890	1	2,1,1,100,1,21,1,1,80,1,25,4,1,12,1,43,4,1,35,1,48,4,1,60,2,136,5,1,30,2,37,4,1,8,2,4,4,1,30,2,19,4,1,25,2,43,4,1,35,2	08-10.tmx	86	107	10	97	107	10	90	107	10	1102	4	2102	4	3102	4	20	0	0.3	5	2265	42,4,1,100,38,4,1,100,73,4,2,100,50,4,2,100	
81	第一關	71	99	8,10	1,999	5	48	900	1	3,1,1,100,1,22,1,1,80,1,16,4,1,12,1,43,4,1,35,1,22,1,1,100,2,132,5,1,30,2,37,4,1,8,2,4,4,1,30,2,25,4,1,25,2,43,4,1,35,2	09-01.tmx	97	131	10	90	131	10	48	131	10	1102	4	2102	4	3102	4	20	0	0.3	5	2300	42,4,1,100,38,4,1,100,73,4,2,100,50,4,3,100	
82	第二關	0	99	9,1	1,999	5	48	910	1	4,1,1,100,1,23,1,1,80,1,19,4,1,12,1,43,4,1,35,1,23,1,1,100,2,132,5,1,30,2,37,4,1,8,2,4,4,1,30,2,16,4,1,25,2,43,4,1,35,2	09-02.tmx	90	123	11	101	123	11	49	123	11	1102	4	2102	4	3102	4	20	0	0.3	5	2330	42,4,1,100,38,4,1,100,73,4,2,100,50,4,3,100	
83	第三關	72	99	9,2	1,999	5	48	920	1	5,1,1,100,1,24,1,1,80,1,25,4,1,12,1,43,4,1,35,1,24,1,1,100,2,132,5,1,30,2,37,4,1,8,2,4,4,1,30,2,25,4,1,25,2,43,4,1,35,2	09-03.tmx	101	135	11	96	135	11	50	135	11	1102	5	2102	5	3102	5	20	0	0.3	5	2360	42,4,1,100,38,4,1,100,73,4,2,100,50,4,3,100	
84	第四關	0	99	9,3	1,999	5	48	930	1	6,1,1,100,1,25,1,1,80,1,16,4,1,12,1,43,4,1,35,1,25,1,1,100,2,132,5,1,30,2,37,4,1,8,2,4,4,1,30,2,16,4,1,25,2,43,4,1,35,2	09-04.tmx	96	143	11	80	143	11	51	143	11	1102	5	2102	5	3102	5	20	0	0.3	5	2390	42,4,1,100,38,4,1,100,73,4,2,100,50,4,3,100	
85	第五關	73,74	99	9,4	1,999	5	48	940	1	7,1,1,100,1,26,1,1,80,1,19,4,1,12,1,43,4,1,35,1,47,4,1,60,2,132,5,1,30,2,37,4,1,8,2,4,4,1,30,2,19,4,1,25,2,43,4,1,35,2	09-05.tmx	80	138	11	83	138	11	52	138	11	1102	5	2102	5	3102	5	20	0	0.3	5	2420	42,4,1,100,38,4,1,100,73,4,2,100,50,4,3,100	
86	第六關	0	99	9,5	1,999	5	48	950	1	8,1,1,100,1,27,1,1,80,1,25,4,1,12,1,43,4,1,35,1,27,1,1,100,2,132,5,1,30,2,37,4,1,8,2,4,4,1,30,2,25,4,1,25,2,43,4,1,35,2	09-06.tmx	83	138	11	109	138	11	53	138	11	1102	6	2102	6	3102	6	20	0	0.3	5	2450	42,4,1,100,38,4,1,100,73,4,2,100,50,4,3,100	
87	第七關	75	99	9,6	1,999	5	48	960	1	9,1,1,100,1,28,1,1,80,1,16,4,1,12,1,43,4,1,35,1,28,1,1,100,2,132,5,1,30,2,37,4,1,8,2,4,4,1,30,2,16,4,1,25,2,43,4,1,35,2	09-07.tmx	109	141	11	106	141	11	54	141	11	1102	6	2102	6	3102	6	20	0	0.3	5	2480	42,4,1,100,38,4,1,100,73,4,2,100,50,4,3,100	
88	第八關	76	99	9,7	1,999	5	48	970	1	10,1,1,100,1,29,1,1,80,1,19,4,1,12,1,43,4,1,35,1,29,1,1,100,2,132,5,1,30,2,37,4,1,8,2,4,4,1,30,2,19,4,1,25,2,43,4,1,35,2	09-08.tmx	106	148	11	112	148	11	55	148	11	1102	6	2102	6	3102	6	20	0	0.3	5	2510	42,4,1,100,38,4,1,100,73,4,2,100,50,4,3,100	
89	第九關	0	99	9,8	1,999	5	48	980	1	11,1,1,100,1,30,1,1,80,1,25,4,1,12,1,43,4,1,35,1,30,1,1,100,2,132,5,1,30,2,37,4,1,8,2,4,4,1,30,2,25,4,1,25,2,43,4,1,35,2	09-09.tmx	112	157	11	87	157	11	56	157	11	1102	6	2102	6	3102	6	20	0	0.3	5	2540	42,4,1,100,38,4,1,100,73,4,2,100,50,4,3,100	
90	第十關	77,87	99	9,9	1,999	5	48	990	1	12,1,1,100,1,31,1,1,80,1,16,4,1,12,1,43,4,1,35,1,48,4,1,60,2,132,5,1,30,2,37,4,1,8,2,4,4,1,30,2,16,4,1,25,2,43,4,1,35,2	09-10.tmx	86	133	12	85	133	12	87	133	12	1102	7	2102	7	3102	7	20	0	0.3	5	2570	42,4,1,100,38,4,1,100,73,4,2,100,50,4,3,100	
91	第一關	79	99	9,10	1,999	5	54	1000	1	13,1,1,100,1,14,1,1,80,1,19,4,1,12,1,43,4,1,35,1,14,1,1,100,2,122,5,1,30,2,37,4,1,8,2,4,4,1,30,2,19,4,1,25,2,43,4,1,35,2	10-01.tmx	78	150	12	106	150	12	58	150	12	1102	7	2102	7	3102	7	20	0	0.3	5	2600	42,4,1,100,38,4,1,100,73,4,2,100,50,4,4,100	
92	第二關	0	99	10,1	1,999	5	54	1010	1	1,1,1,100,1,15,1,1,80,1,25,4,1,12,1,43,4,1,35,1,15,1,1,100,2,122,5,1,30,2,37,4,1,8,2,4,4,1,30,2,25,4,1,25,2,43,4,1,35,2	10-02.tmx	106	162	12	99	162	12	59	162	12	1102	7	2102	7	3102	7	20	0	0.3	5	2630	42,4,1,100,38,4,1,100,73,4,2,100,50,4,4,100	
93	第三關	80	99	10,2	1,999	5	54	1020	1	2,1,1,100,1,16,1,1,80,1,16,4,1,12,1,43,4,1,35,1,16,1,1,100,2,122,5,1,30,2,37,4,1,8,2,4,4,1,30,2,16,4,1,25,2,43,4,1,35,2	10-03.tmx	99	159	12	108	159	12	60	159	12	1102	8	2102	8	3102	8	20	0	0.3	5	2660	42,4,1,100,38,4,1,100,73,4,2,100,50,4,4,100	
94	第四關	0	99	10,3	1,999	5	54	1030	1	3,1,1,100,1,17,1,1,80,1,19,4,1,12,1,43,4,1,35,1,17,1,1,100,2,122,5,1,30,2,37,4,1,8,2,4,4,1,30,2,19,4,1,25,2,43,4,1,35,2	10-04.tmx	108	160	12	76	160	12	61	160	12	1102	8	2102	8	3102	8	20	0	0.3	5	2690	42,4,1,100,38,4,1,100,73,4,2,100,50,4,4,100	
95	第五關	81,82	99	10,4	1,999	5	54	1040	1	4,1,1,100,1,18,1,1,80,1,25,4,1,12,1,43,4,1,35,1,47,4,1,60,2,122,5,1,30,2,37,4,1,8,2,4,4,1,30,2,25,4,1,25,2,43,4,1,35,2	10-05.tmx	76	168	12	75	168	12	62	168	12	1102	8	2102	8	3102	8	20	0	0.3	5	2720	42,4,1,100,38,4,1,100,73,4,2,100,50,4,4,100	
96	第六關	83	99	10,5	1,999	5	54	1050	1	5,1,1,100,1,19,1,1,80,1,16,4,1,12,1,43,4,1,35,1,19,1,1,100,2,122,5,1,30,2,37,4,1,8,2,4,4,1,30,2,16,4,1,25,2,43,4,1,35,2	10-06.tmx	75	161	12	97	161	12	63	161	12	1102	9	2102	9	3102	9	20	0	0.3	5	2750	42,4,1,100,38,4,1,100,73,4,2,100,50,4,4,100	
97	第七關	84	99	10,6	1,999	5	54	1060	1	6,1,1,100,1,20,1,1,80,1,19,4,1,12,1,43,4,1,35,1,20,1,1,100,2,122,5,1,30,2,37,4,1,8,2,4,4,1,30,2,19,4,1,25,2,43,4,1,35,2	10-07.tmx	97	169	12	95	169	12	64	169	12	1102	9	2102	9	3102	9	20	0	0.3	5	2780	42,4,1,100,38,4,1,100,73,4,2,100,50,4,4,100	
98	第八關	0	99	10,7	1,999	5	54	1070	1	7,1,1,100,1,21,1,1,80,1,25,4,1,12,1,43,4,1,35,1,21,1,1,100,2,122,5,1,30,2,37,4,1,8,2,4,4,1,30,2,25,4,1,25,2,43,4,1,35,2	10-08.tmx	95	172	13	89	172	13	65	172	13	1102	9	2102	9	3102	9	20	0	0.3	5	2810	42,4,1,100,38,4,1,100,73,4,2,100,50,4,4,100	
99	第九關	0	99	10,8	1,999	5	54	1080	1	8,1,1,100,1,22,1,1,80,1,16,4,1,12,1,43,4,1,35,1,22,1,1,100,2,122,5,1,30,2,37,4,1,8,2,4,4,1,30,2,16,4,1,25,2,43,4,1,35,2	10-09.tmx	89	181	13	111	181	13	66	181	13	1102	9	2102	9	3102	9	20	0	0.3	5	2840	42,4,1,100,38,4,1,100,73,4,2,100,50,4,4,100	
100	第十關	85,86	99	10,9	1,999	5	54	1090	1	9,1,1,100,1,23,1,1,80,1,19,4,1,12,1,43,4,1,35,1,48,4,1,60,2,122,5,1,30,2,37,4,1,8,2,4,4,1,30,2,19,4,1,25,2,43,4,1,35,2	10-10.tmx	94	163	13	89	163	13	109	163	13	1102	10	2102	10	3102	10	20	0	0.3	5	2870	42,4,1,100,38,4,1,100,73,4,2,100,50,4,4,100	
101	第一關	87	99	10,10	1,999	5	60	1100	1	14,1,1,100,1,24,1,1,80,1,25,4,1,12,1,43,4,1,35,1,24,1,1,100,2,119,5,1,15,2,37,4,1,8,2,4,4,1,30,2,25,4,1,25,2,43,4,1,35,2	11-01.tmx	78	158	13	74	158	13	75	158	13	1102	10	2102	10	3102	10	20	0	0.3	5	2882	42,4,1,100,38,4,1,100,73,4,2,100,50,4,5,100	
102	第二關	88	99	11,1	1,999	5	60	1110	1	15,1,1,100,1,25,1,1,80,1,16,4,1,12,1,43,4,1,35,1,25,1,1,100,2,119,5,1,15,2,37,4,1,8,2,4,4,1,30,2,16,4,1,25,2,43,4,1,35,2	11-02.tmx	74	166	13	75	166	13	76	166	13	1102	10	2102	10	3102	10	20	0	0.3	5	2895	42,4,1,100,38,4,1,100,73,4,2,100,50,4,5,100	
103	第三關	0	99	11,2	1,999	5	60	1120	1	16,1,1,100,1,26,1,1,80,1,19,4,1,12,1,43,4,1,35,1,26,1,1,100,2,119,5,1,15,2,37,4,1,8,2,4,4,1,30,2,19,4,1,25,2,43,4,1,35,2	11-03.tmx	75	167	13	76	167	13	77	167	13	1102	11	2102	11	3102	11	20	0	0.3	5	2907	42,4,1,100,38,4,1,100,73,4,2,100,50,4,5,100	
104	第四關	0	99	11,3	1,999	5	60	1130	1	17,1,1,100,1,27,1,1,80,1,25,4,1,12,1,43,4,1,35,1,27,1,1,100,2,119,5,1,15,2,37,4,1,8,2,4,4,1,30,2,25,4,1,25,2,43,4,1,35,2	11-04.tmx	76	169	13	77	169	13	78	169	13	1102	11	2102	11	3102	11	20	0	0.3	5	2920	42,4,1,100,38,4,1,100,73,4,2,100,50,4,5,100	
105	第五關	89,90	99	11,4	1,999	5	60	1140	1	18,1,1,100,1,28,1,1,80,1,16,4,1,12,1,43,4,1,35,1,47,4,1,60,2,119,5,1,15,2,37,4,1,8,2,4,4,1,30,2,16,4,1,25,2,43,4,1,35,2	11-05.tmx	108	175	13	78	175	13	79	175	13	1102	11	2102	11	3102	11	20	0	0.3	5	2932	42,4,1,100,38,4,1,100,73,4,2,100,50,4,5,100	
106	第六關	91	99	11,5	1,999	5	60	1150	1	19,1,1,100,1,29,1,1,80,1,19,4,1,12,1,43,4,1,35,1,29,1,1,100,2,119,5,1,15,2,37,4,1,8,2,4,4,1,30,2,19,4,1,25,2,43,4,1,35,2	11-06.tmx	78	171	14	79	171	14	80	171	14	1102	12	2102	12	3102	12	20	0	0.3	5	2945	42,4,1,100,38,4,1,100,73,4,2,100,50,4,5,100	
107	第七關	0	99	11,6	1,999	5	60	1160	1	20,1,1,100,1,30,1,1,80,1,25,4,1,12,1,43,4,1,35,1,30,1,1,100,2,119,5,1,15,2,37,4,1,8,2,4,4,1,30,2,25,4,1,25,2,43,4,1,35,2	11-07.tmx	77	177	14	80	177	14	81	177	14	1102	12	2102	12	3102	12	20	0	0.3	5	2957	42,4,1,100,38,4,1,100,73,4,2,100,50,4,5,100	
108	第八關	0	99	11,7	1,999	5	60	1170	1	21,1,1,100,1,31,1,1,80,1,16,4,1,12,1,43,4,1,35,1,31,1,1,100,2,119,5,1,15,2,37,4,1,8,2,4,4,1,30,2,16,4,1,25,2,43,4,1,35,2	11-08.tmx	106	186	14	81	186	14	82	186	14	1102	12	2102	12	3102	12	20	0	0.3	5	2970	42,4,1,100,38,4,1,100,73,4,2,100,50,4,5,100	
109	第九關	92	99	11,8	1,999	5	60	1180	1	22,1,1,100,1,14,1,1,80,1,19,4,1,12,1,43,4,1,35,1,14,1,1,100,2,119,5,1,15,2,37,4,1,8,2,4,4,1,30,2,19,4,1,25,2,43,4,1,35,2	11-09.tmx	109	193	14	82	193	14	83	193	14	1102	12	2102	12	3102	12	20	0	0.3	5	2982	42,4,1,100,38,4,1,100,73,4,2,100,50,4,5,100	
110	第十關	93,94	99	11,9	1,999	5	60	1190	1	23,1,1,100,1,15,1,1,80,1,25,4,1,12,1,43,4,1,35,1,48,4,1,60,2,119,5,1,15,2,37,4,1,8,2,4,4,1,30,2,25,4,1,25,2,43,4,1,35,2	11-10.tmx	112	189	14	109	189	14	83	189	14	1102	13	2102	13	3102	13	20	0	0.3	5	2995	42,4,1,100,38,4,1,100,73,4,2,100,50,4,5,100	
111	第一關	95	99	11,10	1,999	5	66	1200	1	24,1,1,100,1,34,1,1,20,1,16,4,1,12,1,43,4,1,35,1,34,1,1,40,2,128,5,1,15,2,37,4,1,8,2,4,4,1,30,2,16,4,1,25,2,43,4,1,35,2	12-01.tmx	91	195	14	90	195	14	75	195	14	1102	13	2102	13	3102	13	20	0	0.3	5	3007	42,4,1,100,38,4,1,100,73,4,2,100,50,4,6,100	
112	第二關	0	99	12,1	1,999	5	66	1210	1	25,1,1,100,1,35,1,1,20,1,19,4,1,12,1,43,4,1,35,1,35,1,1,40,2,128,5,1,15,2,37,4,1,8,2,4,4,1,30,2,19,4,1,25,2,43,4,1,35,2	12-02.tmx	87	195	15	91	195	15	92	195	15	1102	13	2102	13	3102	13	20	0	0.3	5	3020	42,4,1,100,38,4,1,100,73,4,2,100,50,4,6,100	
113	第三關	96	99	12,2	1,999	5	66	1220	1	26,1,1,100,1,36,1,1,20,1,25,4,1,12,1,43,4,1,35,1,36,1,1,40,2,128,5,1,15,2,37,4,1,8,2,4,4,1,30,2,25,4,1,25,2,43,4,1,35,2	12-03.tmx	111	205	15	92	205	15	93	205	15	1102	14	2102	14	3102	14	20	0	0.3	5	3032	42,4,1,100,38,4,1,100,73,4,2,100,50,4,6,100	
114	第四關	0	99	12,3	1,999	5	66	1230	1	27,1,1,100,1,37,1,1,20,1,16,4,1,12,1,43,4,1,35,1,37,1,1,40,2,128,5,1,15,2,37,4,1,8,2,4,4,1,30,2,16,4,1,25,2,43,4,1,35,2	12-04.tmx	92	203	15	93	203	15	94	203	15	1102	14	2102	14	3102	14	20	0	0.3	5	3045	42,4,1,100,38,4,1,100,73,4,2,100,50,4,6,100	
115	第五關	97,98	99	12,4	1,999	5	66	1240	1	28,1,1,100,1,38,1,1,20,1,19,4,1,12,1,43,4,1,35,1,47,4,1,60,2,128,5,1,15,2,37,4,1,8,2,4,4,1,30,2,19,4,1,25,2,43,4,1,35,2	12-05.tmx	88	202	15	94	202	15	95	202	15	1102	14	2102	14	3102	14	20	0	0.3	5	3057	42,4,1,100,38,4,1,100,73,4,2,100,50,4,6,100	
116	第六關	99	99	12,5	1,999	5	66	1250	1	29,1,1,100,1,39,1,1,20,1,25,4,1,12,1,43,4,1,35,1,39,1,1,40,2,128,5,1,15,2,37,4,1,8,2,4,4,1,30,2,25,4,1,25,2,43,4,1,35,2	12-06.tmx	100	209	16	95	209	16	96	209	16	1102	15	2102	15	3102	15	20	0	0.3	5	3070	42,4,1,100,38,4,1,100,73,4,2,100,50,4,6,100	
117	第七關	0	99	12,6	1,999	5	66	1260	1	30,1,1,100,1,32,1,1,20,1,16,4,1,12,1,43,4,1,35,1,32,1,1,40,2,128,5,1,15,2,37,4,1,8,2,4,4,1,30,2,16,4,1,25,2,43,4,1,35,2	12-07.tmx	87	195	16	96	195	16	97	195	16	1102	15	2102	15	3102	15	20	0	0.3	5	3082	42,4,1,100,38,4,1,100,73,4,2,100,50,4,6,100	
118	第八關	0	99	12,7	1,999	5	66	1270	1	31,1,1,100,1,33,1,1,20,1,19,4,1,12,1,43,4,1,35,1,33,1,1,40,2,128,5,1,15,2,37,4,1,8,2,4,4,1,30,2,19,4,1,25,2,43,4,1,35,2	12-08.tmx	83	206	16	97	206	16	98	206	16	1102	15	2102	15	3102	15	20	0	0.3	5	3095	42,4,1,100,38,4,1,100,73,4,2,100,50,4,6,100	
119	第九關	0	99	12,8	1,999	5	66	1280	1	22,1,1,100,1,34,1,1,20,1,25,4,1,12,1,43,4,1,35,1,34,1,1,40,2,128,5,1,15,2,37,4,1,8,2,4,4,1,30,2,25,4,1,25,2,43,4,1,35,2	12-09.tmx	100	229	16	98	229	16	99	229	16	1102	15	2102	15	3102	15	20	0	0.3	5	3107	42,4,1,100,38,4,1,100,73,4,2,100,50,4,6,100	
120	第十關	100,101	99	12,9	1,999	5	66	1290	1	23,1,1,100,1,35,1,1,20,1,16,4,1,12,1,43,4,1,35,1,48,4,1,60,2,128,5,1,15,2,37,4,1,8,2,4,4,1,30,2,16,4,1,25,2,43,4,1,35,2	12-10.tmx	80	220	17	99	220	17	100	220	17	1102	16	2102	16	3102	16	20	0	0.3	5	3120	42,4,1,100,38,4,1,100,73,4,2,100,50,4,6,100	
121	第一關	102	99	12,10	1,999	5	72	1300	1	24,1,1,100,1,36,1,1,25,1,19,4,1,12,1,43,4,1,35,1,36,1,1,50,2,131,5,1,15,2,38,4,1,8,2,4,4,1,30,2,19,4,1,25,2,43,4,1,35,2	13-01.tmx	75	216	17	100	216	17	101	216	17	1102	16	2102	16	3102	16	20	0	0.3	5	3132	42,4,1,100,38,4,1,100,73,4,2,100,50,4,7,100	
122	第二關	0	99	13,1	1,999	5	72	1310	1	25,1,1,100,1,37,1,1,25,1,25,4,1,12,1,43,4,1,35,1,37,1,1,50,2,131,5,1,15,2,38,4,1,8,2,4,4,1,30,2,25,4,1,25,2,43,4,1,35,2	13-02.tmx	82	233	17	101	233	17	102	233	17	1102	16	2102	16	3102	16	20	0	0.3	5	3145	42,4,1,100,38,4,1,100,73,4,2,100,50,4,7,100	
123	第三關	103	99	13,2	1,999	5	72	1320	1	26,1,1,100,1,38,1,1,25,1,16,4,1,12,1,43,4,1,35,1,38,1,1,50,2,131,5,1,15,2,38,4,1,8,2,4,4,1,30,2,16,4,1,25,2,43,4,1,35,2	13-03.tmx	104	236	17	102	236	17	103	236	17	1102	17	2102	17	3102	17	20	0	0.3	5	3157	42,4,1,100,38,4,1,100,73,4,2,100,50,4,7,100	
124	第四關	0	99	13,3	1,999	5	72	1330	1	27,1,1,100,1,39,1,1,25,1,19,4,1,12,1,43,4,1,35,1,39,1,1,50,2,131,5,1,15,2,38,4,1,8,2,4,4,1,30,2,19,4,1,25,2,43,4,1,35,2	13-04.tmx	82	209	18	77	209	18	78	209	18	1102	17	2102	17	3102	17	20	0	0.3	5	3170	42,4,1,100,38,4,1,100,73,4,2,100,50,4,7,100	
125	第五關	104,105	99	13,4	1,999	5	72	1340	1	28,1,1,100,1,32,1,1,25,1,25,4,1,12,1,43,4,1,35,1,47,4,1,60,2,131,5,1,15,2,38,4,1,8,2,4,4,1,30,2,25,4,1,25,2,43,4,1,35,2	13-05.tmx	89	216	18	78	216	18	96	216	18	1102	17	2102	17	3102	17	20	0	0.3	5	3182	42,4,1,100,38,4,1,100,73,4,2,100,50,4,7,100	
126	第六關	106	99	13,5	1,999	5	72	1350	1	29,1,1,100,1,33,1,1,25,1,16,4,1,12,1,43,4,1,35,1,33,1,1,50,2,131,5,1,15,2,38,4,1,8,2,4,4,1,30,2,16,4,1,25,2,43,4,1,35,2	13-06.tmx	91	225	18	79	225	18	80	225	18	1102	18	2102	18	3102	18	20	0	0.3	5	3195	42,4,1,100,38,4,1,100,73,4,2,100,50,4,7,100	
127	第七關	0	99	13,6	1,999	5	72	1360	1	30,1,1,100,1,34,1,1,25,1,19,4,1,12,1,43,4,1,35,1,34,1,1,50,2,131,5,1,15,2,38,4,1,8,2,4,4,1,30,2,19,4,1,25,2,43,4,1,35,2	13-07.tmx	87	211	18	75	211	18	97	211	18	1102	18	2102	18	3102	18	20	0	0.3	5	3207	42,4,1,100,38,4,1,100,73,4,2,100,50,4,7,100	
128	第八關	0	99	13,7	1,999	5	72	1370	1	31,1,1,100,1,35,1,1,25,1,25,4,1,12,1,43,4,1,35,1,35,1,1,50,2,131,5,1,15,2,38,4,1,8,2,4,4,1,30,2,25,4,1,25,2,43,4,1,35,2	13-08.tmx	111	219	19	75	219	19	96	219	19	1102	18	2102	18	3102	18	20	0	0.3	5	3220	42,4,1,100,38,4,1,100,73,4,2,100,50,4,7,100	
129	第九關	0	99	13,8	1,999	5	72	1380	1	14,1,1,100,1,36,1,1,25,1,16,4,1,12,1,43,4,1,35,1,36,1,1,50,2,131,5,1,15,2,38,4,1,8,2,4,4,1,30,2,16,4,1,25,2,43,4,1,35,2	13-09.tmx	92	222	19	77	222	19	83	222	19	1102	18	2102	18	3102	18	20	0	0.3	5	3232	42,4,1,100,38,4,1,100,73,4,2,100,50,4,7,100	
130	第十關	107,108	99	13,9	1,999	5	72	1390	1	15,1,1,100,1,37,1,1,25,1,19,4,1,12,1,43,4,1,35,1,48,4,1,60,2,131,5,1,15,2,38,4,1,8,2,4,4,1,30,2,19,4,1,25,2,43,4,1,35,2	13-10.tmx	123	210	19	95	210	19	79	210	19	1102	19	2102	19	3102	19	20	0	0.3	5	3245	42,4,1,100,38,4,1,100,73,4,2,100,50,4,7,100	
131	第一關	109	99	13,10	1,999	5	78	1400	1	16,1,1,100,1,38,1,1,30,1,25,4,1,12,1,43,4,1,35,1,36,1,1,60,2,138,5,1,15,2,38,4,1,8,2,4,4,1,30,2,25,4,1,25,2,43,4,1,35,2	14-01.tmx	116	217	19	85	217	19	86	217	19	1102	19	2102	19	3102	19	20	0	0.3	5	3255	42,4,1,100,38,4,1,100,73,4,2,100,50,4,8,100	
132	第二關	0	99	14,1	1,999	5	78	1410	1	17,1,1,100,1,39,1,1,30,1,16,4,1,12,1,43,4,1,35,1,37,1,1,60,2,138,5,1,15,2,38,4,1,8,2,4,4,1,30,2,16,4,1,25,2,43,4,1,35,2	14-02.tmx	118	199	20	86	199	20	87	199	20	1102	19	2102	19	3102	19	20	0	0.3	5	3265	42,4,1,100,38,4,1,100,73,4,2,100,50,4,8,100	
133	第三關	110	99	14,2	1,999	5	78	1420	1	18,1,1,100,1,32,1,1,30,1,19,4,1,12,1,43,4,1,35,1,38,1,1,60,2,138,5,1,15,2,38,4,1,8,2,4,4,1,30,2,19,4,1,25,2,43,4,1,35,2	14-03.tmx	129	202	20	87	202	20	88	202	20	1102	19	2102	19	3102	19	20	0	0.3	5	3275	42,4,1,100,38,4,1,100,73,4,2,100,50,4,8,100	
134	第四關	0	99	14,3	1,999	5	78	1430	1	19,1,1,100,1,33,1,1,30,1,25,4,1,12,1,43,4,1,35,1,39,1,1,60,2,138,5,1,15,2,38,4,1,8,2,4,4,1,30,2,25,4,1,25,2,43,4,1,35,2	14-04.tmx	121	220	20	88	220	20	89	220	20	1102	19	2102	19	3102	19	20	0	0.3	5	3285	42,4,1,100,38,4,1,100,73,4,2,100,50,4,8,100	
135	第五關	111,112	99	14,4	1,999	5	78	1440	1	20,1,1,100,1,34,1,1,30,1,16,4,1,12,1,43,4,1,35,1,47,4,1,60,2,138,5,1,15,2,38,4,1,8,2,4,4,1,30,2,16,4,1,25,2,43,4,1,35,2	14-05.tmx	120	221	20	83	221	20	90	221	20	1102	19	2102	19	3102	19	20	0	0.3	5	3295	42,4,1,100,38,4,1,100,73,4,2,100,50,4,8,100	
136	第六關	113	99	14,5	1,999	5	78	1450	1	21,1,1,100,1,35,1,1,30,1,19,4,1,12,1,43,4,1,35,1,33,1,1,60,2,138,5,1,15,2,38,4,1,8,2,4,4,1,30,2,19,4,1,25,2,43,4,1,35,2	14-06.tmx	121	212	20	90	212	20	75	212	20	1102	19	2102	19	3102	19	20	0	0.3	5	3305	42,4,1,100,38,4,1,100,73,4,2,100,50,4,8,100	
137	第七關	0	99	14,6	1,999	5	78	1460	1	22,1,1,100,1,36,1,1,30,1,25,4,1,12,1,43,4,1,35,1,34,1,1,60,2,138,5,1,15,2,38,4,1,8,2,4,4,1,30,2,25,4,1,25,2,43,4,1,35,2	14-07.tmx	127	224	21	91	224	21	92	224	21	1102	19	2102	19	3102	19	20	0	0.3	5	3315	42,4,1,100,38,4,1,100,73,4,2,100,50,4,8,100	
138	第八關	0	99	14,7	1,999	5	78	1470	1	23,1,1,100,1,37,1,1,30,1,16,4,1,12,1,43,4,1,35,1,35,1,1,60,2,138,5,1,15,2,38,4,1,8,2,4,4,1,30,2,16,4,1,25,2,43,4,1,35,2	14-08.tmx	126	227	21	92	227	21	93	227	21	1102	19	2102	19	3102	19	20	0	0.3	5	3325	42,4,1,100,38,4,1,100,73,4,2,100,50,4,8,100	
139	第九關	114	99	14,8	1,999	5	78	1480	1	24,1,1,100,1,38,1,1,30,1,19,4,1,12,1,43,4,1,35,1,36,1,1,60,2,138,5,1,15,2,38,4,1,8,2,4,4,1,30,2,19,4,1,25,2,43,4,1,35,2	14-09.tmx	119	236	21	93	236	21	94	236	21	1102	19	2102	19	3102	19	20	0	0.3	5	3335	42,4,1,100,38,4,1,100,73,4,2,100,50,4,8,100	
140	第十關	115,116	99	14,9	1,999	5	78	1490	1	25,1,1,100,1,39,1,1,30,1,25,4,1,12,1,43,4,1,35,1,48,4,1,60,2,138,5,1,15,2,38,4,1,8,2,4,4,1,30,2,25,4,1,25,2,43,4,1,35,2	14-10.tmx	88	233	21	94	233	21	123	233	21	1102	20	2102	20	3102	20	20	0	0.3	5	3345	42,4,1,100,38,4,1,100,73,4,2,100,50,4,8,100	
141	第一關	117	99	14,10	1,999	5	84	1500	1	26,1,1,100,1,32,1,1,35,1,16,4,1,12,1,43,4,1,35,1,36,1,1,70,2,114,5,1,15,2,38,4,1,8,2,4,4,1,30,2,16,4,1,25,2,43,4,1,35,2	15-01.tmx	136	217	21	95	217	21	96	217	21	1102	20	2102	20	3102	20	20	0	0.3	5	3355	42,4,1,100,38,4,1,100,73,4,2,100,50,4,9,100	
142	第二關	118	99	15,1	1,999	5	84	1510	1	27,1,1,100,1,33,1,1,35,1,19,4,1,12,1,43,4,1,35,1,37,1,1,70,2,114,5,1,15,2,38,4,1,8,2,4,4,1,30,2,19,4,1,25,2,43,4,1,35,2	15-02.tmx	139	225	21	96	225	21	97	225	21	1102	20	2102	20	3102	20	20	0	0.3	5	3365	42,4,1,100,38,4,1,100,73,4,2,100,50,4,9,100	
143	第三關	0	99	15,2	1,999	5	84	1520	1	28,1,1,100,1,34,1,1,35,1,25,4,1,12,1,43,4,1,35,1,38,1,1,70,2,114,5,1,15,2,38,4,1,8,2,4,4,1,30,2,25,4,1,25,2,43,4,1,35,2	15-03.tmx	121	228	22	97	228	22	98	228	22	1102	20	2102	20	3102	20	20	0	0.3	5	3375	42,4,1,100,38,4,1,100,73,4,2,100,50,4,9,100	
144	第四關	0	99	15,3	1,999	5	84	1530	1	29,1,1,100,1,35,1,1,35,1,16,4,1,12,1,43,4,1,35,1,39,1,1,70,2,114,5,1,15,2,38,4,1,8,2,4,4,1,30,2,16,4,1,25,2,43,4,1,35,2	15-04.tmx	116	248	22	98	248	22	99	248	22	1102	20	2102	20	3102	20	20	0	0.3	5	3385	42,4,1,100,38,4,1,100,73,4,2,100,50,4,9,100	
145	第五關	119,120	99	15,4	1,999	5	84	1540	1	30,1,1,100,1,36,1,1,35,1,19,4,1,12,1,43,4,1,35,1,48,4,1,60,2,114,5,1,15,2,38,4,1,8,2,4,4,1,30,2,19,4,1,25,2,43,4,1,35,2	15-05.tmx	118	252	22	99	252	22	100	252	22	1102	20	2102	20	3102	20	20	0	0.3	5	3395	42,4,1,100,38,4,1,100,73,4,2,100,50,4,9,100	
146	第六關	0	99	15,5	1,999	5	84	1550	1	31,1,1,100,1,37,1,1,35,1,25,4,1,12,1,43,4,1,35,1,33,1,1,70,2,114,5,1,15,2,38,4,1,8,2,4,4,1,30,2,25,4,1,25,2,43,4,1,35,2	15-06.tmx	116	262	22	100	262	22	101	262	22	1102	20	2102	20	3102	20	20	0	0.3	5	3405	42,4,1,100,38,4,1,100,73,4,2,100,50,4,9,100	
147	第七關	121,122	99	15,6	1,999	5	84	1560	1	14,1,1,100,1,38,1,1,35,1,16,4,1,12,1,43,4,1,35,1,34,1,1,70,2,114,5,1,15,2,38,4,1,8,2,4,4,1,30,2,16,4,1,25,2,43,4,1,35,2	15-07.tmx	135	254	22	101	254	22	102	254	22	1102	20	2102	20	3102	20	20	0	0.3	5	3415	42,4,1,100,38,4,1,100,73,4,2,100,50,4,9,100	
148	第八關	123	99	15,7	1,999	5	84	1570	1	15,1,1,100,1,39,1,1,35,1,19,4,1,12,1,43,4,1,35,1,35,1,1,70,2,114,5,1,15,2,38,4,1,8,2,4,4,1,30,2,19,4,1,25,2,43,4,1,35,2	15-08.tmx	133	260	23	102	260	23	103	260	23	1102	20	2102	20	3102	20	20	0	0.3	5	3425	42,4,1,100,38,4,1,100,73,4,2,100,50,4,9,100	
149	第九關	0	99	15,8	1,999	5	84	1580	1	16,1,1,100,1,32,1,1,35,1,25,4,1,12,1,43,4,1,35,1,36,1,1,70,2,114,5,1,15,2,38,4,1,8,2,4,4,1,30,2,25,4,1,25,2,43,4,1,35,2	15-09.tmx	122	260	23	103	260	23	104	260	23	1102	20	2102	20	3102	20	20	0	0.3	5	3435	42,4,1,100,38,4,1,100,73,4,2,100,50,4,9,100	
150	第十關	124,125	99	15,9	1,999	5	84	1590	1	17,1,1,100,1,33,1,1,35,1,16,4,1,12,1,43,4,1,35,1,49,4,1,60,2,114,5,1,15,2,38,4,1,8,2,4,4,1,30,2,16,4,1,25,2,43,4,1,35,2	15-10.tmx	88	245	23	122	245	23	124	245	23	1103	1	2103	1	3103	1	20	0	0.3	5	3445	42,4,1,100,38,4,1,100,73,4,2,100,50,4,9,100	
151	第一關	126,127	99	15,10	1,999	5	90	1600	1	18,1,1,100,1,34,1,1,40,1,19,4,1,12,1,43,4,1,35,1,34,1,1,80,2,124,5,1,15,2,38,4,1,8,2,4,4,1,30,2,19,4,1,25,2,43,4,1,35,2	16-01.tmx	131	270	23	105	270	23	106	270	23	1103	1	2103	1	3103	1	20	0	0.3	5	3455	42,4,1,100,38,4,1,100,73,4,2,100,50,4,10,100	
152	第二關	128	99	16,1	1,999	5	90	1610	1	19,1,1,100,1,35,1,1,40,1,25,4,1,12,1,43,4,1,35,1,35,1,1,80,2,124,5,1,15,2,38,4,1,8,2,4,4,1,30,2,25,4,1,25,2,43,4,1,35,2	16-02.tmx	131	255	24	106	255	24	107	255	24	1103	2	2103	2	3103	2	20	0	0.3	5	3465	42,4,1,100,38,4,1,100,73,4,2,100,50,4,10,100	
153	第三關	129	99	16,2	1,999	5	90	1620	1	20,1,1,100,1,36,1,1,40,1,16,4,1,12,1,43,4,1,35,1,36,1,1,80,2,124,5,1,15,2,38,4,1,8,2,4,4,1,30,2,16,4,1,25,2,43,4,1,35,2	16-03.tmx	125	254	24	107	254	24	108	254	24	1103	2	2103	2	3103	2	20	0	0.3	5	3475	42,4,1,100,38,4,1,100,73,4,2,100,50,4,10,100	
154	第四關	0	99	16,3	1,999	5	90	1630	1	21,1,1,100,1,37,1,1,40,1,19,4,1,12,1,43,4,1,35,1,37,1,1,80,2,124,5,1,15,2,38,4,1,8,2,4,4,1,30,2,19,4,1,25,2,43,4,1,35,2	16-04.tmx	124	261	24	108	261	24	109	261	24	1103	3	2103	3	3103	3	20	0	0.3	5	3485	42,4,1,100,38,4,1,100,73,4,2,100,50,4,10,100	
155	第五關	130,131	99	16,4	1,999	5	90	1640	1	22,1,1,100,1,38,1,1,40,1,25,4,1,12,1,43,4,1,35,1,48,4,1,60,2,124,5,1,15,2,38,4,1,8,2,4,4,1,30,2,25,4,1,25,2,43,4,1,35,2	16-05.tmx	125	260	24	109	260	24	110	260	24	1103	3	2103	3	3103	3	20	0	0.3	5	3495	42,4,1,100,38,4,1,100,73,4,2,100,50,4,10,100	
156	第六關	132	99	16,5	1,999	5	90	1650	1	23,1,1,100,1,39,1,1,40,1,16,4,1,12,1,43,4,1,35,1,39,1,1,80,2,124,5,1,15,2,38,4,1,8,2,4,4,1,30,2,16,4,1,25,2,43,4,1,35,2	16-06.tmx	131	282	24	110	282	24	111	282	24	1103	4	2103	4	3103	4	20	0	0.3	5	3505	42,4,1,100,38,4,1,100,73,4,2,100,50,4,10,100	
157	第七關	0	99	16,6	1,999	5	90	1660	1	24,1,1,100,1,32,1,1,40,1,19,4,1,12,1,43,4,1,35,1,32,1,1,80,2,124,5,1,15,2,38,4,1,8,2,4,4,1,30,2,19,4,1,25,2,43,4,1,35,2	16-07.tmx	118	271	24	111	271	24	112	271	24	1103	4	2103	4	3103	4	20	0	0.3	5	3515	42,4,1,100,38,4,1,100,73,4,2,100,50,4,10,100	
158	第八關	133	99	16,7	1,999	5	90	1670	1	25,1,1,100,1,33,1,1,40,1,25,4,1,12,1,43,4,1,35,1,33,1,1,80,2,124,5,1,15,2,38,4,1,8,2,4,4,1,30,2,25,4,1,25,2,43,4,1,35,2	16-08.tmx	133	267	25	112	267	25	113	267	25	1103	5	2103	5	3103	5	20	0	0.3	5	3525	42,4,1,100,38,4,1,100,73,4,2,100,50,4,10,100	
159	第九關	134	99	16,8	1,999	5	90	1680	1	26,1,1,100,1,34,1,1,40,1,16,4,1,12,1,43,4,1,35,1,34,1,1,80,2,124,5,1,15,2,38,4,1,8,2,4,4,1,30,2,16,4,1,25,2,43,4,1,35,2	16-09.tmx	132	270	25	113	270	25	74	270	25	1103	5	2103	5	3103	5	20	0	0.3	5	3535	42,4,1,100,38,4,1,100,73,4,2,100,50,4,10,100	
160	第十關	135,136	99	16,9	1,999	5	90	1690	1	27,1,1,100,1,35,1,1,40,1,19,4,1,12,1,43,4,1,35,1,49,4,1,60,2,124,5,1,15,2,38,4,1,8,2,4,4,1,30,2,19,4,1,25,2,43,4,1,35,2	16-10.tmx	88	246	25	130	246	25	114	246	25	1103	6	2103	6	3103	6	20	0	0.3	5	3545	42,4,1,100,38,4,1,100,73,4,2,100,50,4,10,100	
161	第一關	137	99	16,10	1,999	5	96	1700	1	28,1,1,100,1,36,1,1,45,1,25,4,1,12,1,43,4,1,35,1,36,1,1,90,2,121,5,1,15,2,38,4,1,8,2,4,4,1,30,2,25,4,1,25,2,43,4,1,35,2	17-01.tmx	85	271	25	114	271	25	117	271	25	1103	6	2103	6	3103	6	20	0	0.3	5	3570	42,4,1,100,38,4,1,100,73,4,2,100,50,4,11,100	
162	第二關	0	99	17,1	1,999	5	96	1710	1	29,1,1,100,1,37,1,1,45,1,16,4,1,12,1,43,4,1,35,1,37,1,1,90,2,121,5,1,15,2,38,4,1,8,2,4,4,1,30,2,16,4,1,25,2,43,4,1,35,2	17-02.tmx	122	257	25	138	257	25	77	257	25	1103	6	2103	6	3103	6	20	0	0.3	5	3595	42,4,1,100,38,4,1,100,73,4,2,100,50,4,11,100	
163	第三關	138	99	17,2	1,999	5	96	1720	1	30,1,1,100,1,38,1,1,45,1,19,4,1,12,1,43,4,1,35,1,38,1,1,90,2,121,5,1,15,2,38,4,1,8,2,4,4,1,30,2,19,4,1,25,2,43,4,1,35,2	17-03.tmx	104	254	25	138	254	25	118	254	25	1103	7	2103	7	3103	7	20	0	0.3	5	3620	42,4,1,100,38,4,1,100,73,4,2,100,50,4,11,100	
164	第四關	139	99	17,3	1,999	5	96	1730	1	31,1,1,100,1,39,1,1,45,1,25,4,1,12,1,43,4,1,35,1,39,1,1,90,2,121,5,1,15,2,38,4,1,8,2,4,4,1,30,2,25,4,1,25,2,43,4,1,35,2	17-04.tmx	85	277	25	118	277	25	120	277	25	1103	7	2103	7	3103	7	20	0	0.3	5	3645	42,4,1,100,38,4,1,100,73,4,2,100,50,4,11,100	
165	第五關	0	99	17,4	1,999	5	96	1740	1	14,1,1,100,1,32,1,1,45,1,16,4,1,12,1,43,4,1,35,1,48,4,1,60,2,121,5,1,15,2,38,4,1,8,2,4,4,1,30,2,16,4,1,25,2,43,4,1,35,2	17-05.tmx	126	266	25	79	266	25	118	266	25	1103	8	2103	8	3103	8	20	0	0.3	5	3670	42,4,1,100,38,4,1,100,73,4,2,100,50,4,11,100	
166	第六關	0	99	17,5	1,999	5	96	1750	1	15,1,1,100,1,33,1,1,45,1,19,4,1,12,1,43,4,1,35,1,33,1,1,90,2,121,5,1,15,2,38,4,1,8,2,4,4,1,30,2,19,4,1,25,2,43,4,1,35,2	17-06.tmx	114	272	25	118	272	25	81	272	25	1103	9	2103	9	3103	9	20	0	0.3	5	3695	42,4,1,100,38,4,1,100,73,4,2,100,50,4,11,100	
167	第七關	140	99	17,6	1,999	5	96	1760	1	16,1,1,100,1,34,1,1,45,1,25,4,1,12,1,43,4,1,35,1,34,1,1,90,2,121,5,1,15,2,38,4,1,8,2,4,4,1,30,2,25,4,1,25,2,43,4,1,35,2	17-07.tmx	122	292	25	127	292	25	82	292	25	1103	9	2103	9	3103	9	20	0	0.3	5	3720	42,4,1,100,38,4,1,100,73,4,2,100,50,4,11,100	
168	第八關	0	99	17,7	1,999	5	96	1770	1	17,1,1,100,1,35,1,1,45,1,16,4,1,12,1,43,4,1,35,1,35,1,1,90,2,121,5,1,15,2,38,4,1,8,2,4,4,1,30,2,16,4,1,25,2,43,4,1,35,2	17-08.tmx	126	281	25	127	281	25	83	281	25	1103	10	2103	10	3103	10	20	0	0.3	5	3745	42,4,1,100,38,4,1,100,73,4,2,100,50,4,11,100	
169	第九關	142	99	17,8	1,999	5	96	1780	1	18,1,1,100,1,36,1,1,45,1,19,4,1,12,1,43,4,1,35,1,36,1,1,90,2,121,5,1,15,2,38,4,1,8,2,4,4,1,30,2,19,4,1,25,2,43,4,1,35,2	17-09.tmx	107	292	25	125	292	25	131	292	25	1103	10	2103	10	3103	10	20	0	0.3	5	3770	42,4,1,100,38,4,1,100,73,4,2,100,50,4,11,100	
170	第十關	143,144	99	17,9	1,999	5	96	1790	1	19,1,1,100,1,37,1,1,45,1,25,4,1,12,1,43,4,1,35,1,49,4,1,60,2,121,5,1,15,2,38,4,1,8,2,4,4,1,30,2,25,4,1,25,2,43,4,1,35,2	17-10.tmx	85	292	26	123	292	26	118	292	26	1103	11	2103	11	3103	11	20	0	0.3	5	3795	42,4,1,100,38,4,1,100,73,4,2,100,50,4,11,100	
171	第一關	145	99	17,10	1,999	5	102	1800	1	20,1,1,100,1,38,1,1,45,1,16,4,1,12,1,43,4,1,35,1,38,1,1,90,2,118,5,1,15,2,38,4,1,8,2,4,4,1,30,2,16,4,1,25,2,43,4,1,35,2	18-01.tmx	50	304	26	129	304	26	120	304	26	1103	11	2103	11	3103	11	20	0	0.3	5	3820	42,4,1,100,38,4,1,100,73,4,2,100,50,4,12,100	
172	第二關	0	99	18,1	1,999	5	102	1810	1	21,1,1,100,1,39,1,1,45,1,19,4,1,12,1,43,4,1,35,1,39,1,1,90,2,118,5,1,15,2,38,4,1,8,2,4,4,1,30,2,19,4,1,25,2,43,4,1,35,2	18-02.tmx	115	303	26	114	303	26	111	303	26	1103	11	2103	11	3103	11	20	0	0.3	5	3845	42,4,1,100,38,4,1,100,73,4,2,100,50,4,12,100	
173	第三關	146	99	18,2	1,999	5	102	1820	1	22,1,1,100,1,32,1,1,45,1,25,4,1,12,1,43,4,1,35,1,32,1,1,90,2,118,5,1,15,2,38,4,1,8,2,4,4,1,30,2,25,4,1,25,2,43,4,1,35,2	18-03.tmx	134	294	26	88	294	26	124	294	26	1103	11	2103	11	3103	11	20	0	0.3	5	3870	42,4,1,100,38,4,1,100,73,4,2,100,50,4,12,100	
174	第四關	147	99	18,3	1,999	5	102	1830	1	23,1,1,100,1,33,1,1,45,1,16,4,1,12,1,43,4,1,35,1,33,1,1,90,2,118,5,1,15,2,38,4,1,8,2,4,4,1,30,2,16,4,1,25,2,43,4,1,35,2	18-04.tmx	121	300	26	124	300	26	88	300	26	1103	11	2103	11	3103	11	20	0	0.3	5	3895	42,4,1,100,38,4,1,100,73,4,2,100,50,4,12,100	
175	第五關	148	99	18,4	1,999	5	102	1840	1	24,1,1,100,1,34,1,1,45,1,19,4,1,12,1,43,4,1,35,1,48,4,1,60,2,118,5,1,15,2,38,4,1,8,2,4,4,1,30,2,19,4,1,25,2,43,4,1,35,2	18-05.tmx	107	293	27	121	293	27	124	293	27	1103	11	2103	11	3103	11	20	0	0.3	5	3920	42,4,1,100,38,4,1,100,73,4,2,100,50,4,12,100	
176	第六關	149	99	18,5	1,999	5	102	1850	1	25,1,1,100,1,35,1,1,45,1,25,4,1,12,1,43,4,1,35,1,35,1,1,90,2,118,5,1,15,2,38,4,1,8,2,4,4,1,30,2,25,4,1,25,2,43,4,1,35,2	18-06.tmx	121	279	27	91	279	27	136	279	27	1103	12	2103	12	3103	12	20	0	0.3	5	3945	42,4,1,100,38,4,1,100,73,4,2,100,50,4,12,100	
177	第七關	0	99	18,6	1,999	5	102	1860	1	26,1,1,100,1,36,1,1,45,1,16,4,1,12,1,43,4,1,35,1,36,1,1,90,2,118,5,1,15,2,38,4,1,8,2,4,4,1,30,2,16,4,1,25,2,43,4,1,35,2	18-07.tmx	137	276	27	136	276	27	91	276	27	1103	12	2103	12	3103	12	20	0	0.3	5	3970	42,4,1,100,38,4,1,100,73,4,2,100,50,4,12,100	
178	第八關	150	99	18,7	1,999	5	102	1870	1	27,1,1,100,1,37,1,1,45,1,19,4,1,12,1,43,4,1,35,1,37,1,1,90,2,118,5,1,15,2,38,4,1,8,2,4,4,1,30,2,19,4,1,25,2,43,4,1,35,2	18-08.tmx	115	293	27	137	293	27	94	293	27	1103	12	2103	12	3103	12	20	0	0.3	5	3995	42,4,1,100,38,4,1,100,73,4,2,100,50,4,12,100	
179	第九關	151	99	18,8	1,999	5	102	1880	1	28,1,1,100,1,38,1,1,45,1,25,4,1,12,1,43,4,1,35,1,38,1,1,90,2,118,5,1,15,2,38,4,1,8,2,4,4,1,30,2,25,4,1,25,2,43,4,1,35,2	18-09.tmx	104	332	27	94	332	27	123	332	27	1103	12	2103	12	3103	12	20	0	0.3	5	4020	42,4,1,100,38,4,1,100,73,4,2,100,50,4,12,100	
180	第十關	152	99	18,9	1,999	5	102	1890	1	29,1,1,100,1,39,1,1,45,1,16,4,1,12,1,43,4,1,35,1,49,4,1,60,2,118,5,1,15,2,38,4,1,8,2,4,4,1,30,2,16,4,1,25,2,43,4,1,35,2	18-10.tmx	104	292	28	123	292	28	130	292	28	1103	13	2103	13	3103	13	20	0	0.3	5	4045	42,4,1,100,38,4,1,100,73,4,2,100,50,4,12,100	
181	第一關	154	99	18,10	1,999	5	108	1900	1	30,1,1,100,1,32,1,1,50,1,19,4,1,12,1,43,4,1,35,1,32,1,1,100,2,122,5,1,15,2,38,4,1,8,2,4,4,1,30,2,19,4,1,25,2,43,4,1,35,2	19-01.tmx	83	311	28	125	311	28	123	311	28	1103	13	2103	13	3103	13	20	0	0.3	5	4070	42,4,1,100,38,4,1,100,73,4,2,100,50,4,13,100	
182	第二關	0	99	19,1	1,999	5	108	1910	1	31,1,1,100,1,33,1,1,50,1,25,4,1,12,1,43,4,1,35,1,33,1,1,100,2,122,5,1,15,2,38,4,1,8,2,4,4,1,30,2,25,4,1,25,2,43,4,1,35,2	19-02.tmx	117	304	28	126	304	28	78	304	28	1103	13	2103	13	3103	13	20	0	0.3	5	4095	42,4,1,100,38,4,1,100,73,4,2,100,50,4,13,100	
183	第三關	155	99	19,2	1,999	5	108	1920	1	14,1,1,100,1,34,1,1,50,1,16,4,1,12,1,43,4,1,35,1,34,1,1,100,2,122,5,1,15,2,38,4,1,8,2,4,4,1,30,2,16,4,1,25,2,43,4,1,35,2	19-03.tmx	122	332	28	98	332	28	120	332	28	1103	13	2103	13	3103	13	20	0	0.3	5	4120	42,4,1,100,38,4,1,100,73,4,2,100,50,4,13,100	
184	第四關	0	99	19,3	1,999	5	108	1930	1	15,1,1,100,1,35,1,1,50,1,19,4,1,12,1,43,4,1,35,1,35,1,1,100,2,122,5,1,15,2,38,4,1,8,2,4,4,1,30,2,19,4,1,25,2,43,4,1,35,2	19-04.tmx	114	333	28	120	333	28	110	333	28	1103	13	2103	13	3103	13	20	0	0.3	5	4145	42,4,1,100,38,4,1,100,73,4,2,100,50,4,13,100	
185	第五關	156	99	19,4	1,999	5	108	1940	1	16,1,1,100,1,36,1,1,50,1,25,4,1,12,1,43,4,1,35,1,48,4,1,60,2,122,5,1,15,2,38,4,1,8,2,4,4,1,30,2,25,4,1,25,2,43,4,1,35,2	19-05.tmx	120	324	29	114	324	29	99	324	29	1103	13	2103	13	3103	13	20	0	0.3	5	4170	42,4,1,100,38,4,1,100,73,4,2,100,50,4,13,100	
186	第六關	0	99	19,5	1,999	5	108	1950	1	17,1,1,100,1,37,1,1,50,1,16,4,1,12,1,43,4,1,35,1,37,1,1,100,2,122,5,1,15,2,38,4,1,8,2,4,4,1,30,2,16,4,1,25,2,43,4,1,35,2	19-06.tmx	83	327	29	120	327	29	117	327	29	1103	14	2103	14	3103	14	20	0	0.3	5	4195	42,4,1,100,38,4,1,100,73,4,2,100,50,4,13,100	
187	第七關	0	99	19,6	1,999	5	108	1960	1	18,1,1,100,1,38,1,1,50,1,19,4,1,12,1,43,4,1,35,1,38,1,1,100,2,122,5,1,15,2,38,4,1,8,2,4,4,1,30,2,19,4,1,25,2,43,4,1,35,2	19-07.tmx	114	328	29	111	328	29	118	328	29	1103	14	2103	14	3103	14	20	0	0.3	5	4220	42,4,1,100,38,4,1,100,73,4,2,100,50,4,13,100	
188	第八關	0	99	19,7	1,999	5	108	1970	1	19,1,1,100,1,39,1,1,50,1,25,4,1,12,1,43,4,1,35,1,39,1,1,100,2,122,5,1,15,2,38,4,1,8,2,4,4,1,30,2,25,4,1,25,2,43,4,1,35,2	19-08.tmx	122	328	29	104	328	29	127	328	29	1103	14	2103	14	3103	14	20	0	0.3	5	4245	42,4,1,100,38,4,1,100,73,4,2,100,50,4,13,100	
189	第九關	0	99	19,8	1,999	5	108	1980	1	20,1,1,100,1,32,1,1,50,1,16,4,1,12,1,43,4,1,35,1,32,1,1,100,2,122,5,1,15,2,38,4,1,8,2,4,4,1,30,2,16,4,1,25,2,43,4,1,35,2	19-09.tmx	119	340	29	117	340	29	77	340	29	1103	14	2103	14	3103	14	20	0	0.3	5	4270	42,4,1,100,38,4,1,100,73,4,2,100,50,4,13,100	
190	第十關	157,158	99	19,9	1,999	5	108	1990	1	21,1,1,100,1,33,1,1,50,1,19,4,1,12,1,43,4,1,35,1,49,4,1,60,2,122,5,1,15,2,38,4,1,8,2,4,4,1,30,2,19,4,1,25,2,43,4,1,35,2	19-10.tmx	83	320	30	125	320	30	118	320	30	1103	15	2103	15	3103	15	20	0	0.3	5	4295	42,4,1,100,38,4,1,100,73,4,2,100,50,4,13,100	
191	第一關	159	99	19,10	1,999	5	116	2000	1	22,1,1,100,1,34,1,1,50,1,25,4,1,12,1,43,4,1,35,1,32,1,1,100,2,117,5,1,15,2,38,4,1,8,2,4,4,1,30,2,25,4,1,25,2,43,4,1,35,2	20-01.tmx	126	334	30	96	334	30	124	334	30	1103	15	2103	15	3103	15	20	0	0.3	5	4320	42,4,1,100,38,4,1,100,73,4,2,100,50,4,14,100	
192	第二關	0	99	20,1	1,999	5	116	2010	1	23,1,1,100,1,35,1,1,50,1,16,4,1,12,1,43,4,1,35,1,33,1,1,100,2,117,5,1,15,2,38,4,1,8,2,4,4,1,30,2,16,4,1,25,2,43,4,1,35,2	20-02.tmx	120	343	30	119	343	30	77	343	30	1103	15	2103	15	3103	15	20	0	0.3	5	4345	42,4,1,100,38,4,1,100,73,4,2,100,50,4,14,100	
193	第三關	0	99	20,2	1,999	5	116	2020	1	24,1,1,100,1,36,1,1,50,1,19,4,1,12,1,43,4,1,35,1,34,1,1,100,2,117,5,1,15,2,38,4,1,8,2,4,4,1,30,2,19,4,1,25,2,43,4,1,35,2	20-03.tmx	121	330	30	108	330	30	125	330	30	1103	16	2103	16	3103	16	20	0	0.3	5	4370	42,4,1,100,38,4,1,100,73,4,2,100,50,4,14,100	
194	第四關	0	99	20,3	1,999	5	116	2030	1	25,1,1,100,1,37,1,1,50,1,25,4,1,12,1,43,4,1,35,1,35,1,1,100,2,117,5,1,15,2,38,4,1,8,2,4,4,1,30,2,25,4,1,25,2,43,4,1,35,2	20-04.tmx	122	350	30	125	350	30	110	350	30	1103	16	2103	16	3103	16	20	0	0.3	5	4395	42,4,1,100,38,4,1,100,73,4,2,100,50,4,14,100	
195	第五關	160	99	20,4	1,999	5	116	2040	1	26,1,1,100,1,38,1,1,50,1,16,4,1,12,1,43,4,1,35,1,48,4,1,60,2,117,5,1,15,2,38,4,1,8,2,4,4,1,30,2,16,4,1,25,2,43,4,1,35,2	20-05.tmx	123	334	31	87	334	31	118	334	31	1103	17	2103	17	3103	17	20	0	0.3	5	4420	42,4,1,100,38,4,1,100,73,4,2,100,50,4,14,100	
196	第六關	0	99	20,5	1,999	5	116	2050	1	27,1,1,100,1,39,1,1,50,1,19,4,1,12,1,43,4,1,35,1,37,1,1,100,2,117,5,1,15,2,38,4,1,8,2,4,4,1,30,2,19,4,1,25,2,43,4,1,35,2	20-06.tmx	128	350	31	116	350	31	112	350	31	1103	17	2103	17	3103	17	20	0	0.3	5	4445	42,4,1,100,38,4,1,100,73,4,2,100,50,4,14,100	
197	第七關	0	99	20,6	1,999	5	116	2060	1	28,1,1,100,1,32,1,1,50,1,25,4,1,12,1,43,4,1,35,1,38,1,1,100,2,117,5,1,15,2,38,4,1,8,2,4,4,1,30,2,25,4,1,25,2,43,4,1,35,2	20-07.tmx	134	313	31	112	313	31	136	313	31	1103	18	2103	18	3103	18	20	0	0.3	5	4470	42,4,1,100,38,4,1,100,73,4,2,100,50,4,14,100	
198	第八關	0	99	20,7	1,999	5	116	2070	1	29,1,1,100,1,33,1,1,50,1,16,4,1,12,1,43,4,1,35,1,39,1,1,100,2,117,5,1,15,2,38,4,1,8,2,4,4,1,30,2,16,4,1,25,2,43,4,1,35,2	20-08.tmx	106	349	31	133	349	31	119	349	31	1103	18	2103	18	3103	18	20	0	0.3	5	4495	42,4,1,100,38,4,1,100,73,4,2,100,50,4,14,100	
199	第九關	0	99	20,8	1,999	5	116	2080	1	30,1,1,100,1,34,1,1,50,1,19,4,1,12,1,43,4,1,35,1,32,1,1,100,2,117,5,1,15,2,38,4,1,8,2,4,4,1,30,2,19,4,1,25,2,43,4,1,35,2	20-09.tmx	134	315	31	136	315	31	75	315	31	1103	19	2103	19	3103	19	20	0	0.3	5	4520	42,4,1,100,38,4,1,100,73,4,2,100,50,4,14,100	
200	第十關	161,162	99	20,9	1,999	5	116	2090	1	31,1,1,100,1,35,1,1,50,1,25,4,1,12,1,43,4,1,35,1,49,4,1,60,2,117,5,1,15,2,38,4,1,8,2,4,4,1,30,2,25,4,1,25,2,43,4,1,35,2	20-10.tmx	123	348	32	97	348	32	120	348	32	1103	19	2103	19	3103	19	20	0	0.3	5	4550	42,4,1,100,38,4,1,100,73,4,2,100,50,4,14,100	
201	第一關	163	99	20,10	1,999	5	124	2100	1	14,1,1,100,1,36,1,1,50,1,16,4,1,12,1,43,4,1,35,1,32,1,1,100,2,116,5,1,15,2,38,4,1,8,2,4,4,1,30,2,16,4,1,25,2,43,4,1,35,2	20-11.tmx	91	367	32	114	367	32	120	367	32	1103	20	2103	20	3103	20	20	0	0.3	5	4550	42,4,1,100,38,4,1,100,73,4,2,100,50,4,15,100	
202	第二關		99	21,1	1,999	5	124	2110	1	15,1,1,100,1,37,1,1,50,1,19,4,1,12,1,43,4,1,35,1,33,1,1,100,2,116,5,1,15,2,38,4,1,8,2,4,4,1,30,2,19,4,1,25,2,43,4,1,35,2	20-12.tmx	88	359	32	120	359	32	126	359	32	1103	20	2103	20	3103	20	20	0	0.3	5	4550	42,4,1,100,38,4,1,100,73,4,2,100,50,4,15,100	
203	第三關		99	21,2	1,999	5	124	2120	1	16,1,1,100,1,38,1,1,50,1,25,4,1,12,1,43,4,1,35,1,34,1,1,100,2,116,5,1,15,2,38,4,1,8,2,4,4,1,30,2,25,4,1,25,2,43,4,1,35,2	20-13.tmx	134	342	32	118	342	32	87	342	32	1103	21	2103	21	3103	21	20	0	0.3	5	4550	42,4,1,100,38,4,1,100,73,4,2,100,50,4,15,100	
204	第四關		99	21,3	1,999	5	124	2130	1	17,1,1,100,1,39,1,1,50,1,16,4,1,12,1,43,4,1,35,1,35,1,1,100,2,116,5,1,15,2,38,4,1,8,2,4,4,1,30,2,16,4,1,25,2,43,4,1,35,2	20-14.tmx	121	360	32	107	360	32	114	360	32	1103	21	2103	21	3103	21	20	0	0.3	5	4550	42,4,1,100,38,4,1,100,73,4,2,100,50,4,15,100	
205	第五關	164	99	21,4	1,999	5	124	2140	1	18,1,1,100,1,32,1,1,50,1,19,4,1,12,1,43,4,1,35,1,48,4,1,60,2,116,5,1,15,2,38,4,1,8,2,4,4,1,30,2,19,4,1,25,2,43,4,1,35,2	20-15.tmx	128	368	32	94	368	32	126	368	32	1103	22	2103	22	3103	22	20	0	0.3	5	4550	42,4,1,100,38,4,1,100,73,4,2,100,50,4,15,100	
206	第六關		99	21,5	1,999	5	124	2150	1	19,1,1,100,1,33,1,1,50,1,25,4,1,12,1,43,4,1,35,1,37,1,1,100,2,116,5,1,15,2,38,4,1,8,2,4,4,1,30,2,25,4,1,25,2,43,4,1,35,2	20-16.tmx	135	364	32	116	364	32	76	364	32	1103	22	2103	22	3103	22	20	0	0.3	5	4550	42,4,1,100,38,4,1,100,73,4,2,100,50,4,15,100	
207	第七關		99	21,6	1,999	5	124	2160	1	20,1,1,100,1,34,1,1,50,1,16,4,1,12,1,43,4,1,35,1,38,1,1,100,2,116,5,1,15,2,38,4,1,8,2,4,4,1,30,2,16,4,1,25,2,43,4,1,35,2	20-17.tmx	115	381	32	87	381	32	123	381	32	1103	23	2103	23	3103	23	20	0	0.3	5	4550	42,4,1,100,38,4,1,100,73,4,2,100,50,4,15,100	
208	第八關		99	21,7	1,999	5	124	2170	1	21,1,1,100,1,35,1,1,50,1,19,4,1,12,1,43,4,1,35,1,39,1,1,100,2,116,5,1,15,2,38,4,1,8,2,4,4,1,30,2,19,4,1,25,2,43,4,1,35,2	20-18.tmx	118	363	32	87	363	32	135	363	32	1103	23	2103	23	3103	23	20	0	0.3	5	4550	42,4,1,100,38,4,1,100,73,4,2,100,50,4,15,100	
209	第九關		99	21,8	1,999	5	124	2180	1	22,1,1,100,1,36,1,1,50,1,25,4,1,12,1,43,4,1,35,1,32,1,1,100,2,116,5,1,15,2,38,4,1,8,2,4,4,1,30,2,25,4,1,25,2,43,4,1,35,2	20-19.tmx	129	365	32	83	365	32	118	365	32	1103	24	2103	24	3103	24	20	0	0.3	5	4550	42,4,1,100,38,4,1,100,73,4,2,100,50,4,15,100	
210	第十關	165,166	99	21,9	1,999	5	124	2190	1	23,1,1,100,1,37,1,1,50,1,16,4,1,12,1,43,4,1,35,1,49,4,1,60,2,116,5,1,15,2,38,4,1,8,2,4,4,1,30,2,16,4,1,25,2,43,4,1,35,2	20-20.tmx	94	388	32	123	388	32	126	388	32	1103	24	2103	24	3103	24	20	0	0.3	5	4550	42,4,1,100,38,4,1,100,73,4,2,100,50,4,15,100	
211	第一關	167	99	21,10	1,999	5	132	2200	1	24,1,1,100,1,38,1,1,50,1,19,4,1,12,1,43,4,1,35,1,32,1,1,100,2,126,5,1,15,2,78,4,1,2,2,4,4,1,30,2,19,4,1,25,2,43,4,1,35,2	20-21.tmx	116	403	32	76	403	32	127	403	32	1103	25	2103	25	3103	25	20	0	0.3	5	4550	42,4,1,100,38,4,1,100,73,4,2,100,50,4,16,100	
212	第二關		99	22,1	1,999	5	132	2210	1	25,1,1,100,1,39,1,1,50,1,25,4,1,12,1,43,4,1,35,1,33,1,1,100,2,126,5,1,15,2,78,4,1,2,2,4,4,1,30,2,25,4,1,25,2,43,4,1,35,2	20-22.tmx	122	412	32	93	412	32	123	412	32	1103	25	2103	25	3103	25	20	0	0.3	5	4550	42,4,1,100,38,4,1,100,73,4,2,100,50,4,16,100	
213	第三關		99	22,2	1,999	5	132	2220	1	26,1,1,100,1,32,1,1,50,1,16,4,1,12,1,43,4,1,35,1,34,1,1,100,2,126,5,1,15,2,78,4,1,2,2,4,4,1,30,2,16,4,1,25,2,43,4,1,35,2	20-23.tmx	115	418	32	120	418	32	77	418	32	1103	26	2103	26	3103	26	20	0	0.3	5	4550	42,4,1,100,38,4,1,100,73,4,2,100,50,4,16,100	
214	第四關		99	22,3	1,999	5	132	2230	1	27,1,1,100,1,33,1,1,50,1,19,4,1,12,1,43,4,1,35,1,35,1,1,100,2,126,5,1,15,2,78,4,1,2,2,4,4,1,30,2,19,4,1,25,2,43,4,1,35,2	20-24.tmx	101	409	32	135	409	32	123	409	32	1103	26	2103	26	3103	26	20	0	0.3	5	4550	42,4,1,100,38,4,1,100,73,4,2,100,50,4,16,100	
215	第五關	168	99	22,4	1,999	5	132	2240	1	28,1,1,100,1,34,1,1,50,1,25,4,1,12,1,43,4,1,35,1,48,4,1,60,2,126,5,1,15,2,78,4,1,2,2,4,4,1,30,2,25,4,1,25,2,43,4,1,35,2	20-25.tmx	98	442	32	122	442	32	135	442	32	1103	27	2103	27	3103	27	20	0	0.3	5	4550	42,4,1,100,38,4,1,100,73,4,2,100,50,4,16,100	
216	第六關		99	22,5	1,999	5	132	2250	1	29,1,1,100,1,35,1,1,50,1,16,4,1,12,1,43,4,1,35,1,37,1,1,100,2,126,5,1,15,2,78,4,1,2,2,4,4,1,30,2,16,4,1,25,2,43,4,1,35,2	20-26.tmx	135	439	32	122	439	32	101	439	32	1103	27	2103	27	3103	27	20	0	0.3	5	4550	42,4,1,100,38,4,1,100,73,4,2,100,50,4,16,100	
217	第七關		99	22,6	1,999	5	132	2260	1	30,1,1,100,1,36,1,1,50,1,19,4,1,12,1,43,4,1,35,1,38,1,1,100,2,126,5,1,15,2,78,4,1,2,2,4,4,1,30,2,19,4,1,25,2,43,4,1,35,2	20-27.tmx	122	429	32	127	429	32	76	429	32	1103	28	2103	28	3103	28	20	0	0.3	5	4550	42,4,1,100,38,4,1,100,73,4,2,100,50,4,16,100	
218	第八關		99	22,7	1,999	5	132	2270	1	31,1,1,100,1,37,1,1,50,1,25,4,1,12,1,43,4,1,35,1,39,1,1,100,2,126,5,1,15,2,78,4,1,2,2,4,4,1,30,2,25,4,1,25,2,43,4,1,35,2	20-28.tmx	123	411	32	112	411	32	129	411	32	1103	28	2103	28	3103	28	20	0	0.3	5	4550	42,4,1,100,38,4,1,100,73,4,2,100,50,4,16,100	
219	第九關		99	22,8	1,999	5	132	2280	1	14,1,1,100,1,38,1,1,50,1,16,4,1,12,1,43,4,1,35,1,32,1,1,100,2,126,5,1,15,2,78,4,1,2,2,4,4,1,30,2,16,4,1,25,2,43,4,1,35,2	20-29.tmx	129	447	32	82	447	32	116	447	32	1103	29	2103	29	3103	29	20	0	0.3	5	4550	42,4,1,100,38,4,1,100,73,4,2,100,50,4,16,100	
220	第十關	169,170	99	22,9	1,999	5	132	2290	1	15,1,1,100,1,39,1,1,50,1,19,4,1,12,1,43,4,1,35,1,49,4,1,60,2,126,5,1,15,2,78,4,1,2,2,4,4,1,30,2,19,4,1,25,2,43,4,1,35,2	20-30.tmx	130	431	32	126	431	32	94	431	32	1103	31	2103	31	3103	31	20	0	0.3	5	4550	42,4,1,100,38,4,1,100,73,4,2,100,50,4,16,100	
221	第一關	171	99	22,10	1,999	5	140	2300	1	16,1,1,100,1,32,1,1,50,1,25,4,1,12,1,43,4,1,35,1,32,1,1,100,2,139,5,1,15,2,78,4,1,2,2,4,4,1,30,2,25,4,1,25,2,43,4,1,35,2	20-31.tmx	126	466	32	94	466	32	128	466	32	1103	32	2103	32	3103	32	20	0	0.3	5	4550	42,4,1,100,38,4,1,100,73,4,2,100,50,4,17,100	
222	第二關		99	23,1	1,999	5	140	2310	1	17,1,1,100,1,33,1,1,50,1,16,4,1,12,1,43,4,1,35,1,33,1,1,100,2,139,5,1,15,2,78,4,1,2,2,4,4,1,30,2,16,4,1,25,2,43,4,1,35,2	20-32.tmx	139	463	32	107	463	32	122	463	32	1103	34	2103	34	3103	34	20	0	0.3	5	4550	42,4,1,100,38,4,1,100,73,4,2,100,50,4,17,100	
223	第三關		99	23,2	1,999	5	140	2320	1	18,1,1,100,1,34,1,1,50,1,19,4,1,12,1,43,4,1,35,1,34,1,1,100,2,139,5,1,15,2,78,4,1,2,2,4,4,1,30,2,19,4,1,25,2,43,4,1,35,2	20-33.tmx	127	417	32	117	417	32	119	417	32	1103	35	2103	35	3103	35	20	0	0.3	5	4550	42,4,1,100,38,4,1,100,73,4,2,100,50,4,17,100	
224	第四關		99	23,3	1,999	5	140	2330	1	19,1,1,100,1,35,1,1,50,1,25,4,1,12,1,43,4,1,35,1,35,1,1,100,2,139,5,1,15,2,78,4,1,2,2,4,4,1,30,2,25,4,1,25,2,43,4,1,35,2	20-34.tmx	133	436	32	115	436	32	135	436	32	1103	37	2103	37	3103	37	20	0	0.3	5	4550	42,4,1,100,38,4,1,100,73,4,2,100,50,4,17,100	
225	第五關	172	99	23,4	1,999	5	140	2340	1	20,1,1,100,1,36,1,1,50,1,16,4,1,12,1,43,4,1,35,1,48,4,1,60,2,139,5,1,15,2,78,4,1,2,2,4,4,1,30,2,16,4,1,25,2,43,4,1,35,2	20-35.tmx	122	445	32	135	445	32	128	445	32	1103	38	2103	38	3103	38	20	0	0.3	5	4550	42,4,1,100,38,4,1,100,73,4,2,100,50,4,17,100	
226	第六關		99	23,5	1,999	5	140	2350	1	21,1,1,100,1,37,1,1,50,1,19,4,1,12,1,43,4,1,35,1,37,1,1,100,2,139,5,1,15,2,78,4,1,2,2,4,4,1,30,2,19,4,1,25,2,43,4,1,35,2	20-36.tmx	120	445	32	86	445	32	123	445	32	1103	40	2103	40	3103	40	20	0	0.3	5	4550	42,4,1,100,38,4,1,100,73,4,2,100,50,4,17,100	
227	第七關		99	23,6	1,999	5	140	2360	1	22,1,1,100,1,38,1,1,50,1,25,4,1,12,1,43,4,1,35,1,38,1,1,100,2,139,5,1,15,2,78,4,1,2,2,4,4,1,30,2,25,4,1,25,2,43,4,1,35,2	20-37.tmx	118	454	32	109	454	32	123	454	32	1103	41	2103	41	3103	41	20	0	0.3	5	4550	42,4,1,100,38,4,1,100,73,4,2,100,50,4,17,100	
228	第八關		99	23,7	1,999	5	140	2370	1	23,1,1,100,1,39,1,1,50,1,16,4,1,12,1,43,4,1,35,1,39,1,1,100,2,139,5,1,15,2,78,4,1,2,2,4,4,1,30,2,16,4,1,25,2,43,4,1,35,2	20-38.tmx	129	461	32	77	461	32	120	461	32	1103	43	2103	43	3103	43	20	0	0.3	5	4550	42,4,1,100,38,4,1,100,73,4,2,100,50,4,17,100	
229	第九關		99	23,8	1,999	5	140	2380	1	24,1,1,100,1,32,1,1,50,1,19,4,1,12,1,43,4,1,35,1,32,1,1,100,2,139,5,1,15,2,78,4,1,2,2,4,4,1,30,2,19,4,1,25,2,43,4,1,35,2	20-39.tmx	129	418	32	127	418	32	136	418	32	1103	44	2103	44	3103	44	20	0	0.3	5	4550	42,4,1,100,38,4,1,100,73,4,2,100,50,4,17,100	
230	第十關	173,174	99	23,9	1,999	5	140	2390	1	25,1,1,100,1,33,1,1,50,1,25,4,1,12,1,43,4,1,35,1,49,4,1,60,2,139,5,1,15,2,78,4,1,2,2,4,4,1,30,2,25,4,1,25,2,43,4,1,35,2	20-40.tmx	123	443	32	135	443	32	128	443	32	1103	50	2103	50	3103	50	20	0	0.3	5	4550	42,4,1,100,38,4,1,100,73,4,2,100,50,4,17,100	
231	第一關	175	99	23,10	1,999	5	148	2400	1	26,1,1,100,1,33,1,1,50,1,25,4,1,12,1,43,4,1,35,1,32,1,1,100,2,133,5,1,15,2,78,4,1,2,2,4,4,1,30,2,16,4,1,25,2,43,4,1,35,2	20-41.tmx	133	461	32	126	461	32	121	461	32	1104	5	2104	5	3104	5	20	0	0.3	5	4550	42,4,1,100,38,4,1,100,73,4,2,100,50,4,18,100	
232	第二關		99	24,1	1,999	5	148	2410	1	27,1,1,100,1,34,1,1,50,1,16,4,1,12,1,43,4,1,35,1,33,1,1,100,2,133,5,1,15,2,78,4,1,2,2,4,4,1,30,2,19,4,1,25,2,43,4,1,35,2	20-42.tmx	125	504	32	83	504	32	133	504	32	1104	10	2104	10	3104	10	20	0	0.3	5	4550	42,4,1,100,38,4,1,100,73,4,2,100,50,4,18,100	
233	第三關		99	24,2	1,999	5	148	2420	1	28,1,1,100,1,35,1,1,50,1,19,4,1,12,1,43,4,1,35,1,34,1,1,100,2,133,5,1,15,2,78,4,1,2,2,4,4,1,30,2,25,4,1,25,2,43,4,1,35,2	20-43.tmx	125	466	32	132	466	32	131	466	32	1104	15	2104	15	3104	15	20	0	0.3	5	4550	42,4,1,100,38,4,1,100,73,4,2,100,50,4,18,100	
234	第四關		99	24,3	1,999	5	148	2430	1	29,1,1,100,1,36,1,1,50,1,25,4,1,12,1,43,4,1,35,1,35,1,1,100,2,133,5,1,15,2,78,4,1,2,2,4,4,1,30,2,16,4,1,25,2,43,4,1,35,2	20-44.tmx	123	445	32	118	445	32	132	445	32	1104	20	2104	20	3104	20	20	0	0.3	5	4550	42,4,1,100,38,4,1,100,73,4,2,100,50,4,18,100	
235	第五關	176	99	24,4	1,999	5	148	2440	1	30,1,1,100,1,37,1,1,50,1,16,4,1,12,1,43,4,1,35,1,48,4,1,60,2,133,5,1,15,2,78,4,1,2,2,4,4,1,30,2,19,4,1,25,2,43,4,1,35,2	20-45.tmx	133	479	32	132	479	32	131	479	32	1104	25	2104	25	3104	25	20	0	0.3	5	4550	42,4,1,100,38,4,1,100,73,4,2,100,50,4,18,100	
236	第六關		99	24,5	1,999	5	148	2450	1	31,1,1,100,1,38,1,1,50,1,19,4,1,12,1,43,4,1,35,1,37,1,1,100,2,133,5,1,15,2,78,4,1,2,2,4,4,1,30,2,25,4,1,25,2,43,4,1,35,2	20-46.tmx	137	451	32	123	451	32	114	451	32	1104	30	2104	30	3104	30	20	0	0.3	5	4550	42,4,1,100,38,4,1,100,73,4,2,100,50,4,18,100	
237	第七關		99	24,6	1,999	5	148	2460	1	14,1,1,100,1,39,1,1,50,1,25,4,1,12,1,43,4,1,35,1,38,1,1,100,2,133,5,1,15,2,78,4,1,2,2,4,4,1,30,2,16,4,1,25,2,43,4,1,35,2	20-47.tmx	137	460	32	120	460	32	133	460	32	1104	35	2104	35	3104	35	20	0	0.3	5	4550	42,4,1,100,38,4,1,100,73,4,2,100,50,4,18,100	
238	第八關		99	24,7	1,999	5	148	2470	1	15,1,1,100,1,32,1,1,50,1,16,4,1,12,1,43,4,1,35,1,39,1,1,100,2,133,5,1,15,2,78,4,1,2,2,4,4,1,30,2,19,4,1,25,2,43,4,1,35,2	20-48.tmx	130	504	32	121	504	32	85	504	32	1104	40	2104	40	3104	40	20	0	0.3	5	4550	42,4,1,100,38,4,1,100,73,4,2,100,50,4,18,100	
239	第九關		99	24,8	1,999	5	148	2480	1	16,1,1,100,1,33,1,1,50,1,19,4,1,12,1,43,4,1,35,1,32,1,1,100,2,133,5,1,15,2,78,4,1,2,2,4,4,1,30,2,25,4,1,25,2,43,4,1,35,2	20-49.tmx	130	503	32	83	503	32	125	503	32	1104	45	2104	45	3104	45	20	0	0.3	5	4550	42,4,1,100,38,4,1,100,73,4,2,100,50,4,18,100	
240	第十關	177,178	99	24,9	1,999	5	148	2490	1	17,1,1,100,1,34,1,1,50,1,25,4,1,12,1,43,4,1,35,1,49,4,1,60,2,133,5,1,15,2,78,4,1,2,2,4,4,1,30,2,16,4,1,25,2,43,4,1,35,2	20-50.tmx	133	497	32	125	497	32	134	497	32	1104	50	2104	50	3104	50	20	0	0.3	5	4550	42,4,1,100,38,4,1,100,73,4,2,100,50,4,18,100	
241	第一關	179	99	24,10	1,999	5	156	2500	1	18,1,1,100,1,35,1,1,50,1,25,4,1,12,1,43,4,1,35,1,32,1,1,100,2,135,5,1,15,2,78,4,1,2,2,4,4,1,30,2,19,4,1,25,2,43,4,1,35,2	20-51.tmx	136	528	32	107	528	32	134	528	32	1105	5	2105	5	3105	5	20	0	0.3	5	4550	42,4,1,100,38,4,1,100,73,4,2,100,50,4,19,100	
242	第二關		99	25,1	1,999	5	156	2510	1	19,1,1,100,1,36,1,1,50,1,16,4,1,12,1,43,4,1,35,1,33,1,1,100,2,135,5,1,15,2,78,4,1,2,2,4,4,1,30,2,25,4,1,25,2,43,4,1,35,2	20-52.tmx	132	544	32	94	544	32	114	544	32	1105	10	2105	10	3105	10	20	0	0.3	5	4550	42,4,1,100,38,4,1,100,73,4,2,100,50,4,19,100	
243	第三關		99	25,2	1,999	5	156	2520	1	20,1,1,100,1,37,1,1,50,1,19,4,1,12,1,43,4,1,35,1,34,1,1,100,2,135,5,1,15,2,78,4,1,2,2,4,4,1,30,2,16,4,1,25,2,43,4,1,35,2	20-53.tmx	134	512	32	86	512	32	130	512	32	1105	15	2105	15	3105	15	20	0	0.3	5	4550	42,4,1,100,38,4,1,100,73,4,2,100,50,4,19,100	
244	第四關		99	25,3	1,999	5	156	2530	1	21,1,1,100,1,38,1,1,50,1,25,4,1,12,1,43,4,1,35,1,35,1,1,100,2,135,5,1,15,2,78,4,1,2,2,4,4,1,30,2,19,4,1,25,2,43,4,1,35,2	20-54.tmx	126	508	32	135	508	32	121	508	32	1105	20	2105	20	3105	20	20	0	0.3	5	4550	42,4,1,100,38,4,1,100,73,4,2,100,50,4,19,100	
245	第五關	180	99	25,4	1,999	5	156	2540	1	22,1,1,100,1,39,1,1,50,1,16,4,1,12,1,43,4,1,35,1,48,4,1,60,2,135,5,1,15,2,78,4,1,2,2,4,4,1,30,2,25,4,1,25,2,43,4,1,35,2	20-55.tmx	114	498	32	121	498	32	123	498	32	1105	25	2105	25	3105	25	20	0	0.3	5	4550	42,4,1,100,38,4,1,100,73,4,2,100,50,4,19,100	
246	第六關		99	25,5	1,999	5	156	2550	1	23,1,1,100,1,32,1,1,50,1,19,4,1,12,1,43,4,1,35,1,37,1,1,100,2,135,5,1,15,2,78,4,1,2,2,4,4,1,30,2,16,4,1,25,2,43,4,1,35,2	20-56.tmx	134	527	32	132	527	32	138	527	32	1105	30	2105	30	3105	30	20	0	0.3	5	4550	42,4,1,100,38,4,1,100,73,4,2,100,50,4,19,100	
247	第七關		99	25,6	1,999	5	156	2560	1	24,1,1,100,1,33,1,1,50,1,25,4,1,12,1,43,4,1,35,1,38,1,1,100,2,135,5,1,15,2,78,4,1,2,2,4,4,1,30,2,19,4,1,25,2,43,4,1,35,2	20-57.tmx	133	537	32	134	537	32	131	537	32	1105	35	2105	35	3105	35	20	0	0.3	5	4550	42,4,1,100,38,4,1,100,73,4,2,100,50,4,19,100	
248	第八關		99	25,7	1,999	5	156	2570	1	25,1,1,100,1,33,1,1,50,1,16,4,1,12,1,43,4,1,35,1,39,1,1,100,2,135,5,1,15,2,78,4,1,2,2,4,4,1,30,2,25,4,1,25,2,43,4,1,35,2	20-58.tmx	136	479	32	127	479	32	130	479	32	1105	40	2105	40	3105	40	20	0	0.3	5	4550	42,4,1,100,38,4,1,100,73,4,2,100,50,4,19,100	
249	第九關		99	25,8	1,999	5	156	2580	1	26,1,1,100,1,34,1,1,50,1,19,4,1,12,1,43,4,1,35,1,32,1,1,100,2,135,5,1,15,2,78,4,1,2,2,4,4,1,30,2,16,4,1,25,2,43,4,1,35,2	20-59.tmx	123	512	32	132	512	32	131	512	32	1105	45	2105	45	3105	45	20	0	0.3	5	4550	42,4,1,100,38,4,1,100,73,4,2,100,50,4,19,100	
250	第十關	181,182	99	25,9	1,999	5	156	2590	1	27,1,1,100,1,35,1,1,50,1,25,4,1,12,1,43,4,1,35,1,49,4,1,60,2,135,5,1,15,2,78,4,1,2,2,4,4,1,30,2,19,4,1,25,2,43,4,1,35,2	20-60.tmx	130	492	32	123	492	32	134	492	32	1105	50	2105	50	3105	50	20	0	0.3	5	4550	42,4,1,100,38,4,1,100,73,4,2,100,50,4,19,100	
20000	第十關	124,125	99	15,9	1,999	0		0	0	0	15-10.tmx	74	90	32	75	90	32	76	90	32	1103	30	2103	30	3103	30	20	0	0.3	5	3445	42,4,1,100,38,4,1,100,73,4,2,100,50,4,18,100	
20001	第九關	134	99	16,8	1,999	0		0	0	0	16-09.tmx	85	90	32	86	90	32	87	90	32	1103	30	2103	30	3103	30	20	0	0.3	5	3535	42,4,1,100,38,4,1,100,73,4,2,100,50,4,18,100	
